1 4075 4072 4067 4064 4031 4030 4021 4035 4086 4076 4063 4083 4082 4067 4093 4093 4084 4073 4079 4084 4058 4051 4079 4085 4087 4087 4078 4081 4079 4065 4089 4085 4082 4063 4058 4056 4074 4069 4080 4082 4079 4089 4076 4084 4078 4035 4085 4085 4065 4084 4071 4090 4079 4027 4079 4080 4094 4095 4094 4095 4086 4065 4095 4093
2 4087 4087 4081 4072 4038 4039 4026 4041 4090 4077 4063 4071 4081 4058 4089 4095 4081 4070 4076 4071 4053 4045 4074 4081 4088 4091 4080 4072 4084 4061 4088 4084 4080 4063 4057 4034 4073 4058 4064 4070 4071 4092 4071 4069 4076 4025 4084 4087 4045 4079 4044 4068 4060 3990 4073 4076 4067 4091 4090 4081 4054 3996 4070 4079
3 4095 4095 4095 4090 4061 4062 4046 4062 4085 4070 4053 4065 4080 4056 4093 4095 4095 4092 4095 4090 4073 4063 4090 4092 4084 4088 4073 4061 4077 4053 4083 4077 4094 4077 4069 4041 4085 4068 4072 4077 4078 4093 4068 4061 4076 4023 4083 4086 4058 4090 4054 4075 4071 3999 4083 4084 4072 4095 4094 4080 4055 3998 4072 4081
4 4095 4095 4092 4078 4047 4048 4029 4044 4095 4093 4074 4082 4095 4070 4095 4095 4095 4095 4095 4088 4071 4061 4095 4095 4095 4095 4085 4069 4087 4059 4091 4086 4095 4087 4074 4047 4094 4083 4092 4093 4076 4095 4067 4065 4081 4029 4095 4095 4050 4088 4049 4073 4064 3990 4083 4086 4066 4083 4087 4067 4041 3982 4065 4074
5 4073 4070 4066 4064 4041 4040 4022 4036 4087 4077 4066 4074 4082 4064 4088 4093 4076 4064 4071 4074 4060 4054 4077 4084 4078 4081 4077 4074 4082 4063 4081 4077 4077 4067 4061 4048 4078 4065 4067 4071 4070 4076 4065 4072 4072 4030 4083 4087 4075 4089 4072 4085 4081 4021 4085 4086 4082 4092 4093 4094 4083 4042 4084 4087
6 4074 4075 4073 4059 4029 4028 4015 4027 4091 4082 4070 4076 4085 4066 4091 4095 4081 4069 4075 4075 4059 4053 4080 4088 4081 4085 4079 4074 4082 4063 4083 4080 4093 4081 4076 4058 4085 4078 4082 4087 4061 4082 4067 4068 4072 4022 4076 4082 4065 4087 4065 4079 4076 4007 4083 4087 4076 4086 4085 4077 4059 4004 4072 4081
7 4087 4087 4082 4081 4052 4052 4039 4052 4089 4081 4067 4074 4085 4066 4095 4095 4078 4070 4077 4071 4057 4045 4068 4080 4088 4094 4088 4077 4090 4068 4090 4087 4086 4070 4064 4039 4072 4065 4073 4077 4085 4095 4086 4081 4088 4040 4091 4092 4081 4093 4079 4095 4095 4048 4095 4095 4090 4095 4095 4095 4093 4056 4092 4095
8 4081 4083 4079 4063 4031 4030 4015 4026 4084 4076 4058 4073 4087 4066 4095 4095 4093 4082 4091 4086 4068 4058 4088 4094 4085 4092 4082 4075 4088 4063 4090 4088 4088 4073 4066 4041 4085 4068 4074 4078 4077 4088 4069 4063 4080 4028 4091 4095 4048 4084 4050 4072 4068 3995 4076 4080 4068 4092 4095 4081 4059 4000 4070 4076
9 4095 4095 4094 4084 4052 4052 4031 4049 4084 4068 4053 4058 4071 4043 4085 4095 4095 4095 4095 4095 4083 4070 4095 4095 4085 4094 4078 4066 4082 4055 4088 4083 4095 4083 4075 4046 4090 4072 4079 4086 4072 4093 4071 4064 4079 4024 4090 4095 4068 4093 4061 4093 4090 4014 4095 4095 4080 4095 4094 4081 4059 3999 4079 4089
10 4095 4095 4095 4091 4060 4061 4041 4056 4088 4072 4056 4064 4078 4051 4095 4095 4095 4095 4095 4094 4074 4067 4095 4095 4095 4095 4095 4088 4095 4078 4095 4095 4095 4087 4080 4052 4092 4080 4086 4093 4079 4095 4079 4074 4083 4028 4090 4095 4068 4095 4069 4083 4078 4006 4083 4088 4086 4095 4095 4088 4065 4005 4088 4095
