1 3420 3433 3459 3447 3398 3452 3400 3409 3450 3428 3446 3437 3424 3452 3434 3506 3464 3423 3436 3420 3404 3450 3437 3500 3445 3435 3457 3437 3432 3451 3446 3501 3417 3399 3423 3422 3391 3417 3426 3483 3421 3373 3422 3411 3391 3395 3419 3479 3380 3347 3403 3394 3372 3369 3414 3461 3356 3355 3413 3380 3345 3352 3397 3454 
2 3442 3445 3465 3442 3390 3434 3392 3423 3460 3435 3451 3434 3418 3444 3419 3490 3470 3434 3447 3423 3411 3443 3443 3499 3450 3440 3462 3438 3433 3451 3445 3498 3420 3398 3432 3411 3389 3410 3435 3492 3435 3386 3433 3421 3399 3400 3417 3475 3404 3370 3424 3424 3401 3391 3415 3452 3383 3372 3426 3396 3358 3360 3398 3456 
3 3426 3439 3465 3448 3401 3453 3403 3420 3451 3430 3448 3431 3420 3446 3430 3500 3484 3448 3460 3448 3430 3472 3458 3498 3448 3439 3461 3443 3439 3457 3461 3513 3417 3397 3429 3421 3392 3416 3439 3495 3439 3397 3450 3444 3427 3428 3429 3486 3391 3357 3412 3405 3384 3379 3425 3470 3349 3341 3403 3371 3349 3347 3412 3470 
4 3446 3459 3485 3466 3417 3467 3411 3415 3440 3417 3435 3416 3405 3433 3444 3514 3482 3446 3459 3444 3425 3467 3451 3499 3444 3438 3462 3440 3435 3455 3463 3516 3424 3409 3438 3424 3397 3422 3419 3476 3406 3369 3423 3418 3401 3406 3419 3481 3384 3354 3411 3401 3378 3369 3414 3459 3356 3352 3411 3382 3346 3352 3399 3442 
5 3451 3455 3473 3457 3407 3450 3399 3410 3460 3438 3453 3435 3420 3447 3436 3509 3480 3437 3449 3435 3411 3454 3452 3499 3450 3439 3459 3445 3440 3458 3457 3512 3427 3412 3437 3427 3401 3427 3414 3474 3427 3380 3430 3426 3407 3409 3423 3485 3379 3352 3409 3399 3381 3376 3413 3460 3361 3355 3417 3383 3349 3360 3396 3445 
6 3453 3456 3474 3461 3409 3452 3400 3419 3434 3416 3434 3414 3401 3432 3429 3499 3472 3438 3449 3429 3411 3453 3433 3489 3439 3433 3455 3434 3430 3450 3455 3511 3427 3409 3433 3421 3390 3414 3434 3493 3425 3381 3431 3424 3404 3406 3431 3494 3389 3356 3414 3401 3381 3376 3413 3462 3357 3356 3418 3385 3352 3357 3411 3473 
7 3421 3427 3451 3430 3381 3435 3390 3425 3448 3424 3443 3433 3421 3448 3432 3507 3482 3443 3453 3441 3421 3461 3447 3499 3449 3442 3465 3453 3450 3471 3454 3509 3428 3411 3435 3424 3395 3420 3432 3491 3427 3382 3434 3427 3409 3411 3425 3488 3385 3361 3420 3414 3394 3387 3416 3463 3361 3359 3417 3395 3360 3368 3411 3459 
8 3409 3424 3450 3426 3380 3432 3388 3421 3452 3434 3452 3430 3420 3450 3442 3511 3461 3424 3439 3422 3408 3451 3439 3501 3446 3432 3455 3436 3433 3453 3450 3505 3429 3410 3433 3421 3393 3415 3441 3498 3431 3382 3429 3417 3398 3401 3415 3475 3381 3357 3412 3401 3381 3378 3423 3467 3365 3359 3413 3374 3339 3349 3393 3454 
9 3460 3462 3478 3461 3409 3449 3396 3402 3444 3421 3437 3418 3401 3427 3430 3496 3480 3443 3451 3433 3413 3449 3428 3477 3448 3437 3456 3433 3426 3442 3443 3495 3427 3408 3436 3436 3404 3426 3433 3489 3433 3384 3428 3421 3397 3396 3408 3463 3399 3369 3419 3411 3385 3376 3406 3444 3374 3365 3417 3392 3352 3355 3389 3446 
10 3444 3451 3473 3449 3400 3445 3392 3412 3442 3416 3436 3413 3403 3433 3444 3513 3474 3438 3451 3431 3416 3451 3447 3505 3459 3448 3471 3459 3455 3471 3461 3512 3425 3404 3427 3414 3387 3409 3436 3491 3443 3395 3443 3434 3413 3412 3414 3467 3414 3379 3431 3416 3395 3382 3425 3458 3394 3380 3434 3405 3369 3369 3403 3448 
