1 3459 3459 3478 3459 3421 3464 3403 3430 3475 3452 3465 3441 3426 3448 3430 3491 3479 3441 3458 3444 3419 3444 3451 3497 3463 3452 3472 3458 3427 3449 3455 3516 3458 3444 3466 3443 3424 3439 3447 3500 3465 3433 3466 3444 3438 3446 3478 3524 3433 3396 3456 3454 3430 3412 3460 3508 3410 3393 3459 3422 3400 3389 3444 3458 
2 3476 3475 3492 3470 3434 3474 3411 3426 3471 3449 3462 3433 3420 3442 3442 3498 3501 3458 3472 3457 3433 3455 3462 3490 3462 3458 3475 3463 3432 3453 3447 3505 3467 3452 3472 3459 3440 3455 3466 3518 3455 3418 3450 3426 3425 3436 3465 3509 3435 3397 3457 3455 3433 3416 3453 3497 3408 3386 3451 3418 3398 3387 3453 3464 
3 3467 3467 3485 3455 3416 3451 3409 3432 3497 3466 3477 3459 3443 3461 3441 3490 3483 3441 3458 3436 3411 3433 3442 3497 3463 3458 3478 3461 3430 3452 3438 3497 3449 3431 3458 3430 3412 3428 3464 3517 3450 3424 3458 3433 3431 3442 3450 3496 3432 3396 3457 3450 3429 3412 3446 3496 3408 3381 3443 3401 3384 3376 3447 3461 
4 3453 3457 3477 3454 3417 3461 3405 3433 3487 3463 3476 3448 3432 3455 3439 3497 3473 3438 3455 3438 3414 3441 3444 3498 3470 3469 3483 3469 3435 3459 3437 3496 3460 3449 3465 3457 3435 3453 3457 3510 3456 3433 3463 3439 3435 3448 3460 3505 3433 3392 3447 3448 3423 3406 3455 3503 3422 3403 3462 3419 3402 3397 3459 3471 
5 3475 3472 3492 3471 3429 3470 3409 3429 3478 3452 3467 3441 3424 3447 3439 3496 3503 3461 3477 3462 3435 3459 3461 3493 3455 3437 3471 3457 3424 3448 3448 3508 3460 3442 3463 3440 3419 3436 3449 3501 3464 3425 3458 3436 3425 3432 3465 3510 3441 3399 3459 3455 3429 3412 3441 3485 3431 3406 3471 3430 3409 3395 3446 3453 
6 3491 3486 3502 3471 3430 3464 3402 3410 3479 3454 3464 3436 3418 3437 3429 3485 3506 3460 3471 3455 3426 3444 3452 3490 3473 3449 3482 3468 3434 3454 3448 3505 3473 3454 3474 3448 3427 3439 3457 3506 3467 3435 3464 3436 3430 3434 3466 3507 3462 3419 3472 3464 3442 3420 3434 3481 3441 3408 3460 3427 3404 3391 3447 3451 
7 3468 3464 3483 3465 3425 3469 3414 3428 3485 3458 3469 3449 3435 3458 3440 3495 3486 3438 3450 3439 3413 3436 3453 3498 3459 3454 3473 3457 3428 3452 3443 3501 3463 3447 3467 3442 3422 3438 3460 3511 3461 3429 3459 3434 3429 3439 3461 3503 3433 3395 3453 3449 3427 3411 3458 3503 3428 3405 3468 3424 3409 3395 3454 3464 
8 3462 3465 3485 3468 3430 3473 3408 3421 3478 3445 3458 3434 3416 3436 3448 3505 3492 3452 3468 3454 3429 3452 3458 3499 3466 3459 3479 3462 3428 3450 3446 3506 3461 3450 3476 3454 3438 3453 3457 3508 3442 3417 3454 3427 3426 3438 3469 3513 3428 3393 3456 3451 3428 3412 3442 3487 3418 3400 3467 3435 3416 3403 3449 3456 
9 3469 3468 3486 3462 3423 3462 3399 3423 3482 3448 3461 3445 3430 3447 3437 3493 3482 3443 3459 3441 3418 3440 3446 3498 3479 3467 3485 3467 3434 3452 3453 3506 3466 3444 3467 3438 3424 3437 3465 3511 3478 3437 3463 3438 3429 3428 3459 3496 3451 3403 3457 3453 3431 3407 3444 3488 3440 3414 3474 3434 3411 3396 3452 3459 
10 3472 3466 3484 3459 3415 3457 3400 3426 3485 3455 3468 3443 3427 3448 3445 3504 3499 3455 3472 3455 3430 3453 3459 3496 3468 3459 3480 3466 3433 3455 3451 3512 3455 3436 3463 3437 3423 3440 3458 3512 3447 3417 3455 3426 3427 3440 3472 3519 3443 3403 3466 3471 3447 3430 3457 3506 3409 3388 3453 3410 3393 3398 3458 3466 
