1 3460 3458 3470 3421 3378 3430 3368 3390 3441 3397 3403 3390 3366 3398 3399 3478 3471 3431 3430 3419 3393 3427 3418 3469 3448 3437 3448 3439 3400 3422 3436 3485 3446 3433 3448 3429 3397 3420 3455 3502 3441 3402 3441 3414 3389 3398 3446 3495 3425 3389 3434 3438 3404 3400 3431 3471 3418 3400 3444 3409 3370 3391 3427 3457 
2 3453 3458 3477 3444 3404 3464 3397 3406 3445 3409 3413 3403 3384 3416 3407 3484 3468 3426 3433 3419 3397 3433 3425 3483 3446 3437 3453 3444 3409 3432 3446 3497 3445 3430 3446 3429 3395 3417 3455 3502 3424 3388 3436 3415 3394 3407 3440 3494 3403 3369 3424 3429 3395 3394 3437 3481 3375 3374 3432 3395 3372 3396 3439 3468 
3 3463 3463 3477 3430 3385 3439 3372 3389 3456 3418 3418 3413 3390 3421 3407 3483 3486 3443 3444 3437 3409 3442 3436 3482 3460 3445 3456 3444 3403 3423 3441 3491 3452 3432 3446 3431 3400 3423 3458 3505 3456 3414 3448 3425 3396 3404 3442 3492 3428 3387 3430 3438 3402 3395 3431 3471 3419 3404 3448 3413 3374 3392 3428 3454 
4 3465 3465 3481 3432 3389 3442 3378 3401 3450 3413 3419 3410 3387 3420 3405 3482 3449 3413 3423 3411 3388 3426 3421 3486 3458 3447 3463 3457 3418 3441 3444 3495 3451 3433 3450 3431 3394 3416 3458 3508 3449 3410 3451 3436 3412 3424 3449 3502 3419 3386 3438 3437 3402 3399 3434 3477 3421 3408 3460 3415 3381 3403 3443 3473 
5 3438 3440 3460 3415 3375 3438 3377 3411 3457 3420 3424 3418 3399 3432 3417 3492 3473 3429 3434 3420 3393 3428 3427 3473 3448 3433 3445 3434 3399 3425 3444 3493 3449 3436 3455 3435 3402 3427 3452 3499 3434 3399 3445 3425 3404 3418 3462 3512 3416 3385 3438 3444 3410 3407 3439 3479 3387 3375 3433 3397 3374 3401 3441 3469 
6 3446 3453 3472 3432 3392 3454 3394 3418 3459 3424 3428 3420 3399 3431 3409 3487 3459 3423 3429 3415 3391 3427 3422 3488 3443 3430 3441 3436 3396 3416 3440 3489 3447 3434 3449 3429 3394 3417 3462 3510 3448 3413 3448 3443 3419 3431 3448 3499 3414 3380 3433 3433 3396 3403 3447 3490 3396 3391 3447 3406 3368 3394 3437 3470 
7 3460 3460 3475 3432 3390 3444 3382 3401 3465 3427 3427 3419 3396 3424 3395 3473 3464 3425 3427 3415 3390 3424 3418 3477 3459 3443 3453 3443 3400 3418 3440 3488 3448 3429 3453 3425 3395 3414 3465 3511 3453 3414 3445 3429 3402 3410 3443 3492 3433 3396 3441 3437 3404 3399 3439 3477 3435 3417 3461 3431 3388 3400 3438 3460 
8 3462 3461 3478 3430 3387 3442 3377 3401 3462 3418 3420 3409 3384 3417 3412 3487 3473 3431 3435 3423 3396 3433 3426 3481 3457 3446 3460 3448 3409 3433 3439 3489 3442 3426 3441 3419 3383 3407 3455 3503 3439 3397 3446 3419 3397 3410 3444 3496 3423 3388 3438 3438 3402 3406 3447 3488 3416 3400 3450 3409 3366 3388 3423 3452 
9 3436 3442 3459 3410 3370 3427 3374 3409 3464 3427 3428 3425 3402 3434 3409 3485 3462 3421 3427 3415 3392 3431 3422 3484 3462 3455 3469 3460 3421 3445 3444 3494 3437 3427 3446 3430 3399 3424 3448 3496 3438 3404 3440 3427 3403 3415 3452 3504 3401 3376 3429 3432 3398 3396 3434 3475 3382 3384 3439 3394 3368 3392 3434 3459 
10 3459 3459 3474 3425 3384 3436 3385 3413 3460 3417 3417 3415 3391 3417 3403 3478 3464 3426 3430 3418 3392 3427 3423 3472 3458 3448 3461 3447 3408 3430 3426 3476 3445 3430 3446 3424 3388 3412 3464 3511 3451 3409 3448 3422 3395 3405 3451 3501 3423 3391 3440 3438 3403 3398 3441 3482 3420 3407 3454 3414 3370 3383 3424 3449 
