1 3550 3554 3571 3541 3509 3557 3501 3538 3578 3544 3554 3533 3516 3539 3522 3590 3600 3569 3583 3557 3540 3569 3552 3597 3551 3549 3568 3541 3523 3540 3542 3589 3562 3550 3584 3567 3544 3564 3553 3602 3526 3500 3553 3535 3519 3522 3545 3596 3507 3488 3542 3540 3509 3510 3540 3590 3463 3452 3507 3481 3452 3473 3504 3562 
2 3576 3575 3589 3541 3505 3545 3493 3522 3594 3561 3569 3548 3529 3545 3514 3577 3622 3584 3592 3562 3541 3562 3545 3589 3589 3577 3590 3567 3543 3553 3557 3594 3582 3564 3595 3566 3541 3556 3561 3603 3569 3529 3572 3549 3530 3525 3553 3591 3534 3501 3546 3541 3508 3500 3511 3551 3493 3470 3510 3480 3454 3465 3490 3540 
3 3587 3584 3598 3564 3526 3568 3496 3510 3591 3561 3570 3544 3523 3542 3522 3587 3594 3564 3576 3548 3528 3556 3533 3585 3585 3574 3589 3582 3557 3569 3539 3579 3563 3547 3579 3566 3539 3560 3556 3602 3554 3526 3578 3556 3539 3544 3552 3601 3519 3497 3549 3541 3507 3506 3531 3580 3491 3475 3526 3495 3462 3467 3491 3549 
4 3546 3548 3564 3543 3511 3556 3495 3527 3601 3570 3580 3560 3542 3560 3530 3592 3603 3572 3584 3561 3542 3571 3555 3602 3580 3574 3590 3569 3546 3560 3546 3590 3559 3544 3576 3553 3527 3547 3546 3593 3536 3512 3566 3543 3528 3532 3550 3598 3500 3475 3530 3527 3493 3503 3540 3588 3463 3449 3501 3471 3440 3460 3493 3551 
5 3582 3581 3594 3558 3521 3563 3495 3507 3586 3555 3563 3547 3527 3544 3520 3581 3616 3580 3588 3562 3539 3561 3545 3590 3593 3585 3599 3576 3553 3564 3547 3588 3573 3559 3592 3565 3541 3559 3547 3589 3569 3534 3577 3552 3532 3529 3546 3586 3530 3504 3547 3535 3502 3496 3524 3567 3499 3480 3520 3497 3463 3464 3489 3543 
6 3582 3578 3595 3555 3517 3558 3489 3516 3601 3565 3575 3551 3529 3544 3516 3576 3595 3561 3574 3544 3523 3546 3535 3588 3600 3589 3605 3585 3560 3571 3540 3579 3561 3541 3578 3553 3524 3543 3562 3605 3567 3536 3585 3562 3543 3544 3546 3590 3536 3507 3558 3554 3519 3515 3538 3583 3502 3487 3533 3500 3466 3466 3477 3533 
7 3551 3558 3579 3546 3512 3561 3502 3535 3603 3573 3584 3566 3547 3566 3534 3588 3601 3567 3581 3556 3536 3563 3553 3605 3569 3566 3587 3565 3544 3561 3552 3594 3556 3542 3575 3550 3524 3544 3545 3591 3545 3517 3574 3558 3541 3546 3548 3594 3506 3483 3541 3540 3504 3504 3542 3590 3462 3446 3504 3471 3441 3456 3487 3546 
8 3563 3567 3585 3556 3520 3564 3500 3514 3587 3561 3573 3554 3535 3553 3540 3606 3620 3585 3597 3575 3553 3576 3556 3591 3584 3580 3598 3583 3561 3574 3545 3589 3563 3550 3583 3567 3541 3559 3543 3590 3530 3497 3550 3530 3513 3516 3548 3596 3508 3488 3546 3544 3511 3511 3537 3585 3465 3448 3507 3480 3447 3469 3501 3560 
9 3578 3575 3593 3549 3510 3553 3485 3513 3589 3553 3565 3537 3514 3530 3529 3584 3619 3582 3594 3564 3541 3564 3543 3584 3597 3585 3602 3578 3553 3565 3556 3593 3588 3570 3606 3579 3551 3570 3563 3604 3560 3525 3571 3543 3522 3522 3537 3576 3533 3502 3550 3540 3507 3500 3516 3558 3487 3472 3519 3490 3457 3457 3471 3514 
10 3555 3563 3581 3542 3506 3555 3493 3528 3595 3564 3574 3549 3528 3544 3525 3589 3608 3576 3587 3560 3539 3566 3549 3596 3574 3573 3590 3564 3543 3560 3548 3591 3560 3546 3577 3557 3529 3550 3545 3590 3548 3521 3573 3562 3545 3550 3552 3602 3508 3490 3545 3544 3509 3511 3546 3595 3473 3460 3513 3485 3453 3471 3498 3556 
