1 3146 3191 3187 3178 3164 3170 3097 3079 3144 3158 3147 3144 3175 3144 3132 3161 3132 3175 3159 3169 3194 3165 3143 3166 3134 3170 3158 3168 3189 3150 3163 3171 3137 3150 3162 3172 3187 3151 3155 3168 3129 3127 3146 3155 3177 3130 3153 3168 3125 3152 3157 3173 3186 3119 3153 3153 3093 3108 3150 3133 3141 3106 3155 3153 
2 3157 3200 3190 3173 3166 3166 3103 3087 3170 3186 3168 3160 3194 3157 3137 3152 3171 3195 3175 3179 3209 3175 3151 3159 3151 3190 3171 3180 3204 3162 3161 3160 3139 3155 3162 3167 3196 3156 3159 3165 3133 3133 3150 3152 3181 3134 3159 3167 3130 3158 3155 3171 3191 3125 3163 3160 3113 3128 3167 3146 3157 3116 3164 3154 
3 3131 3177 3169 3156 3150 3151 3096 3089 3153 3171 3157 3150 3185 3148 3129 3150 3117 3176 3159 3165 3194 3159 3149 3167 3146 3186 3172 3177 3203 3159 3162 3166 3135 3153 3162 3163 3184 3144 3165 3171 3139 3141 3160 3161 3193 3140 3149 3157 3122 3150 3152 3160 3183 3111 3165 3160 3088 3109 3151 3127 3140 3104 3159 3150 
4 3127 3177 3168 3155 3150 3154 3091 3085 3152 3172 3158 3154 3187 3155 3124 3148 3124 3180 3162 3169 3200 3166 3147 3167 3140 3182 3164 3172 3196 3157 3163 3167 3134 3154 3161 3166 3190 3149 3154 3163 3136 3135 3151 3155 3183 3134 3156 3164 3119 3147 3148 3158 3179 3117 3162 3162 3138 3149 3184 3163 3172 3126 3174 3165 
5 3144 3187 3179 3167 3156 3162 3091 3076 3179 3197 3176 3166 3197 3165 3124 3146 3169 3192 3171 3173 3202 3167 3146 3162 3155 3194 3178 3181 3206 3168 3154 3156 3133 3151 3158 3159 3187 3151 3160 3167 3132 3134 3149 3150 3179 3135 3155 3164 3122 3154 3154 3164 3186 3119 3154 3155 3097 3113 3157 3130 3147 3113 3162 3152 
6 3131 3174 3166 3161 3153 3155 3090 3085 3153 3167 3151 3148 3181 3147 3133 3159 3173 3177 3158 3171 3198 3164 3147 3166 3135 3171 3156 3166 3186 3144 3159 3167 3137 3149 3158 3166 3189 3150 3161 3170 3129 3126 3143 3150 3179 3130 3158 3167 3122 3147 3146 3166 3184 3114 3156 3156 3093 3102 3145 3123 3139 3102 3161 3156 
7 3134 3180 3171 3165 3158 3160 3092 3088 3161 3178 3161 3160 3194 3159 3115 3148 3124 3176 3155 3163 3192 3159 3144 3167 3146 3183 3164 3172 3196 3154 3155 3163 3136 3152 3158 3162 3187 3147 3160 3170 3140 3140 3156 3161 3189 3141 3146 3159 3118 3153 3149 3164 3187 3116 3150 3153 3098 3109 3153 3125 3144 3107 3156 3153 
8 3119 3166 3160 3147 3145 3147 3099 3088 3163 3182 3171 3167 3200 3169 3125 3149 3166 3170 3155 3160 3191 3162 3148 3165 3141 3180 3165 3172 3196 3156 3160 3163 3127 3142 3153 3154 3182 3145 3168 3174 3143 3142 3161 3166 3194 3146 3156 3163 3112 3144 3146 3159 3181 3117 3165 3160 3100 3110 3157 3132 3145 3112 3166 3155 
9 3164 3206 3195 3181 3168 3173 3097 3083 3166 3181 3160 3149 3181 3149 3133 3153 3189 3192 3172 3173 3202 3170 3141 3154 3148 3182 3167 3170 3194 3158 3155 3160 3139 3156 3163 3164 3188 3152 3151 3163 3124 3120 3139 3137 3165 3122 3158 3167 3115 3147 3148 3157 3178 3113 3149 3151 3094 3110 3151 3127 3138 3111 3159 3152 
10 3160 3203 3193 3179 3166 3169 3095 3082 3173 3184 3169 3159 3187 3153 3127 3142 3196 3196 3177 3179 3206 3174 3144 3153 3144 3178 3163 3168 3188 3150 3162 3167 3145 3160 3169 3170 3192 3159 3156 3166 3135 3137 3152 3156 3183 3139 3162 3173 3124 3154 3156 3168 3188 3121 3159 3162 3116 3129 3159 3137 3160 3123 3167 3157 
