1 3162 3218 3198 3190 3188 3192 3159 3148 3175 3199 3188 3190 3225 3195 3192 3196 3180 3195 3189 3177 3214 3187 3201 3207 3175 3228 3205 3205 3243 3200 3219 3199 3163 3201 3202 3193 3228 3187 3222 3210 3165 3182 3199 3199 3233 3180 3219 3201 3142 3150 3183 3189 3202 3164 3195 3201 3122 3135 3155 3160 3176 3142 3200 3186 
2 3192 3242 3221 3218 3205 3205 3150 3139 3190 3213 3203 3202 3225 3193 3177 3180 3215 3230 3222 3211 3233 3206 3198 3203 3181 3230 3210 3211 3240 3196 3217 3196 3184 3221 3218 3210 3235 3192 3206 3196 3170 3187 3203 3207 3231 3178 3217 3204 3149 3158 3194 3203 3211 3175 3202 3208 3154 3168 3178 3186 3189 3154 3201 3188 
3 3188 3240 3213 3206 3200 3202 3155 3143 3186 3209 3189 3189 3219 3187 3189 3190 3211 3225 3210 3198 3230 3203 3199 3201 3174 3227 3203 3205 3240 3197 3219 3198 3170 3212 3205 3201 3232 3191 3205 3198 3155 3173 3187 3185 3217 3166 3215 3196 3151 3158 3189 3199 3212 3168 3194 3199 3117 3136 3152 3160 3175 3136 3189 3180 
4 3165 3224 3201 3194 3189 3197 3153 3148 3171 3195 3191 3195 3222 3195 3187 3195 3200 3216 3210 3196 3223 3199 3200 3205 3175 3229 3211 3210 3242 3205 3223 3205 3165 3207 3204 3196 3226 3186 3213 3201 3155 3174 3192 3189 3216 3165 3212 3195 3149 3159 3193 3201 3213 3166 3188 3196 3169 3181 3196 3200 3209 3162 3208 3192 
5 3185 3235 3213 3203 3198 3192 3150 3140 3195 3220 3208 3200 3234 3197 3193 3195 3209 3223 3215 3196 3228 3196 3199 3201 3184 3234 3213 3208 3235 3197 3216 3196 3176 3212 3210 3196 3233 3185 3212 3202 3164 3183 3202 3194 3232 3175 3216 3202 3150 3164 3198 3201 3219 3173 3201 3206 3148 3167 3182 3180 3192 3153 3200 3184 
6 3188 3239 3211 3210 3198 3200 3152 3140 3193 3214 3200 3201 3226 3192 3189 3191 3213 3226 3213 3201 3225 3199 3196 3200 3180 3227 3206 3205 3232 3196 3217 3196 3171 3208 3203 3198 3223 3183 3207 3200 3160 3179 3195 3194 3220 3171 3208 3196 3144 3155 3188 3198 3205 3165 3192 3196 3132 3144 3162 3171 3176 3144 3195 3181 
7 3161 3214 3196 3189 3187 3189 3147 3142 3176 3196 3190 3189 3222 3188 3185 3190 3191 3204 3198 3185 3222 3193 3196 3201 3173 3225 3204 3202 3232 3192 3221 3200 3165 3204 3203 3195 3229 3184 3212 3202 3160 3175 3193 3191 3224 3168 3208 3194 3136 3152 3180 3190 3209 3164 3197 3200 3118 3135 3158 3162 3180 3136 3191 3178 
8 3192 3237 3216 3216 3206 3207 3142 3135 3185 3206 3192 3190 3216 3182 3187 3189 3217 3230 3221 3206 3233 3204 3194 3197 3182 3228 3209 3206 3233 3197 3219 3204 3175 3210 3211 3202 3230 3187 3214 3205 3161 3176 3196 3193 3226 3174 3216 3205 3151 3158 3193 3198 3212 3171 3197 3206 3159 3169 3187 3188 3196 3154 3199 3187 
9 3180 3226 3204 3198 3190 3192 3154 3141 3197 3220 3207 3205 3231 3201 3190 3190 3210 3222 3211 3199 3225 3201 3202 3201 3192 3239 3216 3215 3239 3207 3211 3189 3164 3202 3198 3190 3219 3180 3219 3205 3167 3181 3201 3200 3229 3183 3211 3197 3148 3157 3191 3197 3210 3172 3196 3204 3157 3168 3184 3190 3196 3151 3195 3179 
10 3161 3217 3201 3197 3187 3199 3145 3141 3161 3182 3182 3182 3209 3180 3166 3176 3200 3213 3209 3196 3221 3199 3195 3205 3167 3220 3204 3205 3231 3198 3224 3207 3166 3208 3211 3205 3232 3194 3213 3201 3147 3163 3184 3183 3215 3168 3220 3206 3141 3148 3187 3195 3202 3162 3189 3196 3115 3129 3155 3162 3169 3142 3196 3187 
