1 3093 3144 3145 3136 3133 3127 3097 3090 3114 3140 3135 3131 3163 3141 3128 3148 3116 3129 3119 3115 3150 3138 3147 3154 3108 3146 3144 3138 3181 3151 3164 3161 3094 3120 3127 3126 3151 3125 3151 3152 3099 3098 3123 3128 3154 3106 3137 3141 3069 3080 3113 3114 3139 3082 3129 3126 3051 3079 3114 3094 3104 3066 3112 3120 
2 3110 3156 3152 3150 3143 3128 3092 3090 3128 3150 3142 3140 3171 3141 3123 3145 3134 3141 3130 3127 3163 3136 3145 3158 3109 3141 3134 3134 3173 3137 3149 3156 3101 3126 3129 3134 3152 3121 3138 3147 3097 3095 3120 3130 3157 3106 3127 3144 3066 3079 3110 3115 3139 3083 3130 3134 3067 3096 3124 3108 3115 3064 3110 3127 
3 3100 3150 3150 3143 3139 3131 3078 3076 3112 3136 3131 3126 3160 3135 3134 3155 3136 3146 3135 3133 3162 3148 3144 3158 3093 3128 3126 3122 3165 3133 3162 3164 3105 3131 3135 3135 3158 3130 3139 3146 3095 3095 3118 3128 3154 3106 3134 3147 3071 3081 3110 3117 3142 3080 3127 3129 3033 3066 3098 3083 3099 3054 3106 3125 
4 3099 3153 3149 3144 3141 3133 3078 3085 3102 3129 3120 3118 3153 3125 3138 3165 3122 3136 3121 3121 3156 3141 3136 3154 3100 3139 3133 3131 3171 3140 3161 3170 3079 3107 3109 3110 3140 3110 3142 3154 3095 3096 3116 3123 3154 3103 3132 3149 3065 3076 3104 3105 3131 3077 3126 3130 3048 3083 3113 3093 3106 3061 3104 3124 
5 3121 3167 3162 3155 3151 3139 3095 3088 3141 3161 3149 3147 3180 3151 3131 3148 3140 3146 3133 3127 3162 3142 3147 3152 3119 3149 3145 3143 3179 3146 3160 3160 3101 3124 3128 3129 3152 3122 3146 3152 3092 3092 3116 3124 3154 3103 3133 3145 3061 3074 3102 3107 3131 3082 3131 3129 3048 3078 3111 3094 3104 3061 3105 3122 
6 3130 3178 3168 3168 3160 3146 3087 3085 3129 3149 3133 3135 3162 3134 3133 3152 3149 3154 3137 3138 3166 3147 3144 3154 3120 3148 3139 3140 3175 3139 3160 3164 3108 3132 3129 3135 3157 3125 3137 3145 3096 3094 3114 3127 3153 3102 3128 3143 3068 3076 3103 3113 3136 3079 3126 3129 3047 3075 3102 3087 3107 3055 3109 3128 
7 3100 3159 3154 3151 3145 3137 3077 3068 3105 3131 3125 3126 3158 3131 3131 3158 3131 3145 3131 3133 3163 3150 3137 3151 3103 3143 3135 3137 3175 3143 3155 3162 3095 3126 3125 3131 3150 3120 3137 3148 3074 3081 3101 3115 3141 3099 3130 3144 3061 3077 3104 3111 3134 3083 3125 3128 3042 3077 3108 3090 3103 3056 3108 3127 
8 3093 3146 3144 3138 3132 3126 3091 3086 3113 3139 3130 3132 3168 3141 3126 3144 3101 3113 3102 3102 3159 3125 3151 3161 3110 3146 3143 3140 3185 3150 3152 3152 3092 3120 3123 3126 3151 3121 3144 3148 3093 3093 3116 3125 3157 3106 3126 3136 3065 3079 3107 3115 3140 3082 3131 3126 3051 3082 3114 3099 3109 3066 3110 3122 
9 3113 3159 3153 3147 3140 3126 3086 3080 3133 3152 3144 3137 3166 3139 3138 3152 3140 3149 3136 3128 3158 3139 3142 3148 3121 3151 3148 3141 3178 3144 3157 3154 3108 3132 3135 3135 3151 3122 3142 3144 3104 3103 3124 3130 3156 3107 3128 3134 3074 3086 3115 3119 3140 3081 3131 3127 3072 3098 3130 3110 3112 3069 3112 3121 
10 3114 3158 3159 3152 3150 3133 3091 3089 3133 3151 3145 3139 3171 3140 3132 3150 3125 3133 3121 3113 3161 3129 3145 3156 3112 3144 3144 3136 3179 3144 3159 3163 3082 3105 3112 3113 3143 3109 3146 3154 3103 3100 3125 3130 3159 3107 3130 3145 3069 3078 3111 3112 3140 3083 3132 3133 3078 3103 3135 3115 3123 3072 3120 3132 
