1 3162 3207 3192 3179 3194 3154 3118 3110 3151 3164 3151 3149 3183 3140 3158 3162 3181 3188 3172 3166 3185 3146 3158 3172 3146 3184 3169 3169 3196 3161 3165 3169 3136 3154 3158 3159 3185 3144 3162 3164 3116 3136 3157 3158 3182 3136 3166 3167 3108 3128 3141 3158 3176 3119 3156 3169 3094 3114 3142 3138 3152 3126 3148 3152 
2 3150 3203 3187 3168 3191 3157 3107 3105 3138 3160 3147 3145 3183 3149 3148 3158 3164 3178 3164 3164 3184 3150 3151 3167 3129 3172 3156 3158 3190 3158 3167 3173 3130 3154 3160 3161 3189 3150 3166 3169 3111 3130 3151 3148 3169 3124 3168 3167 3098 3122 3134 3152 3175 3118 3156 3170 3081 3109 3139 3133 3148 3121 3148 3153 
3 3159 3204 3186 3175 3194 3161 3114 3108 3160 3174 3159 3154 3189 3148 3148 3152 3169 3178 3159 3154 3182 3138 3164 3175 3144 3183 3166 3166 3197 3162 3168 3171 3130 3148 3154 3151 3182 3139 3170 3173 3117 3137 3156 3159 3183 3136 3162 3165 3097 3115 3129 3144 3164 3103 3147 3165 3084 3107 3133 3126 3144 3117 3138 3147 
4 3142 3192 3177 3158 3182 3155 3104 3108 3150 3167 3154 3152 3187 3155 3141 3163 3157 3171 3156 3153 3180 3145 3158 3180 3146 3188 3175 3172 3203 3174 3170 3176 3126 3146 3152 3147 3177 3139 3172 3181 3116 3137 3158 3156 3182 3138 3163 3168 3103 3124 3137 3152 3174 3118 3147 3169 3082 3100 3132 3123 3141 3115 3144 3156 
5 3138 3187 3172 3156 3179 3147 3117 3116 3152 3167 3154 3152 3191 3155 3148 3158 3165 3174 3159 3157 3183 3143 3158 3176 3141 3184 3167 3168 3197 3167 3166 3166 3131 3150 3152 3153 3180 3141 3165 3169 3112 3130 3149 3152 3176 3133 3163 3164 3101 3122 3135 3151 3172 3114 3150 3170 3087 3101 3132 3124 3140 3111 3137 3145 
6 3167 3211 3199 3181 3196 3162 3109 3103 3157 3167 3162 3156 3183 3147 3149 3154 3181 3189 3177 3170 3190 3150 3158 3172 3142 3177 3165 3163 3187 3154 3174 3172 3142 3154 3163 3161 3189 3147 3166 3165 3123 3138 3161 3160 3178 3132 3174 3171 3107 3122 3143 3156 3172 3114 3161 3174 3106 3115 3147 3139 3146 3120 3143 3145 
7 3150 3201 3191 3170 3191 3161 3108 3109 3139 3157 3151 3145 3181 3147 3143 3154 3166 3176 3166 3161 3182 3144 3158 3173 3132 3170 3162 3160 3183 3155 3173 3175 3130 3148 3159 3156 3186 3149 3169 3172 3114 3133 3160 3159 3178 3134 3170 3166 3103 3122 3143 3154 3174 3116 3147 3164 3081 3096 3134 3123 3139 3114 3143 3150 
8 3133 3184 3171 3149 3176 3146 3119 3112 3148 3164 3154 3151 3188 3152 3148 3157 3153 3166 3151 3148 3178 3140 3159 3174 3140 3184 3168 3167 3199 3168 3169 3173 3126 3142 3150 3146 3179 3139 3171 3172 3119 3139 3159 3158 3182 3135 3167 3165 3102 3119 3135 3148 3170 3112 3151 3168 3083 3102 3134 3126 3144 3118 3143 3149 
9 3140 3182 3175 3153 3177 3141 3113 3114 3154 3167 3162 3160 3198 3159 3143 3162 3162 3170 3161 3153 3178 3138 3156 3177 3138 3176 3166 3160 3193 3161 3167 3172 3129 3143 3157 3150 3180 3141 3165 3173 3118 3133 3158 3153 3176 3127 3166 3167 3103 3117 3139 3148 3170 3110 3148 3168 3092 3110 3144 3129 3149 3121 3141 3150 
10 3159 3202 3188 3176 3189 3163 3103 3096 3160 3171 3161 3163 3190 3156 3146 3150 3175 3184 3170 3167 3186 3153 3155 3161 3133 3173 3160 3164 3190 3164 3174 3173 3127 3145 3157 3158 3184 3150 3162 3164 3114 3132 3157 3159 3176 3134 3161 3159 3101 3118 3136 3151 3168 3116 3154 3167 3076 3092 3123 3120 3132 3109 3144 3150 
