1 3166 3215 3201 3220 3193 3173 3116 3098 3172 3197 3179 3182 3211 3176 3139 3150 3178 3193 3170 3177 3205 3171 3151 3169 3149 3176 3170 3179 3205 3153 3148 3157 3133 3174 3169 3166 3191 3144 3176 3174 3130 3140 3146 3162 3186 3134 3167 3163 3106 3125 3145 3156 3175 3123 3164 3153 3109 3159 3167 3145 3159 3120 3159 3157 
2 3127 3181 3169 3183 3158 3148 3110 3103 3148 3183 3166 3170 3208 3177 3141 3162 3155 3178 3160 3163 3198 3173 3149 3169 3146 3176 3174 3182 3214 3165 3140 3156 3132 3175 3171 3167 3199 3151 3176 3166 3128 3140 3147 3159 3190 3136 3168 3170 3099 3121 3138 3152 3175 3123 3157 3150 3081 3134 3145 3128 3151 3116 3152 3157 
3 3154 3201 3184 3192 3169 3150 3109 3097 3171 3198 3177 3182 3213 3176 3139 3152 3182 3197 3172 3178 3208 3177 3150 3170 3163 3187 3179 3190 3216 3163 3141 3152 3139 3178 3171 3168 3196 3149 3176 3163 3133 3144 3145 3160 3191 3137 3169 3168 3111 3126 3140 3158 3177 3128 3165 3147 3121 3164 3168 3149 3166 3123 3153 3153 
4 3154 3203 3195 3206 3177 3155 3112 3096 3168 3191 3176 3178 3207 3172 3143 3153 3182 3195 3180 3182 3209 3178 3158 3173 3154 3175 3179 3184 3206 3153 3141 3153 3132 3169 3169 3162 3190 3142 3170 3160 3129 3140 3150 3161 3191 3137 3169 3167 3104 3117 3141 3154 3174 3124 3165 3147 3082 3132 3147 3130 3143 3104 3147 3151 
5 3138 3194 3177 3195 3167 3153 3110 3099 3154 3185 3169 3177 3207 3175 3143 3159 3164 3184 3163 3168 3200 3172 3157 3172 3146 3171 3167 3178 3201 3149 3156 3166 3133 3173 3167 3164 3195 3150 3180 3166 3125 3104 3141 3155 3188 3131 3177 3172 3109 3126 3139 3157 3174 3116 3159 3142 3093 3141 3154 3137 3148 3110 3155 3156 
6 3142 3194 3181 3202 3174 3162 3096 3092 3142 3169 3156 3161 3196 3165 3140 3162 3164 3179 3164 3171 3202 3175 3153 3169 3138 3160 3161 3172 3197 3146 3145 3162 3132 3166 3166 3164 3198 3153 3170 3163 3125 3094 3142 3157 3186 3134 3168 3167 3109 3118 3135 3159 3178 3125 3155 3144 3090 3131 3148 3127 3155 3120 3153 3155 
7 3166 3217 3202 3217 3190 3171 3103 3090 3171 3195 3177 3182 3214 3176 3149 3165 3184 3197 3174 3179 3209 3173 3155 3162 3167 3189 3182 3188 3218 3159 3148 3158 3155 3190 3181 3175 3210 3160 3166 3153 3143 3154 3154 3168 3200 3142 3177 3174 3119 3132 3137 3164 3182 3129 3163 3143 3121 3159 3167 3145 3168 3126 3157 3155 
8 3161 3211 3198 3204 3179 3161 3101 3087 3167 3191 3172 3175 3203 3170 3144 3150 3182 3197 3177 3177 3206 3177 3161 3165 3156 3180 3179 3184 3211 3158 3153 3162 3143 3182 3175 3171 3203 3159 3176 3164 3126 3139 3142 3154 3184 3132 3168 3167 3112 3127 3139 3160 3180 3123 3159 3141 3094 3145 3157 3135 3151 3115 3153 3152 
9 3142 3197 3186 3203 3173 3163 3091 3085 3147 3177 3167 3178 3210 3180 3137 3159 3160 3175 3162 3163 3192 3172 3152 3164 3137 3164 3164 3172 3201 3152 3150 3164 3133 3171 3172 3166 3197 3156 3172 3162 3120 3133 3141 3151 3180 3128 3173 3172 3113 3129 3142 3165 3181 3128 3158 3142 3078 3124 3143 3120 3150 3117 3153 3159 
10 3158 3200 3189 3201 3178 3158 3099 3087 3171 3195 3179 3178 3214 3178 3146 3160 3177 3193 3172 3173 3206 3175 3159 3163 3158 3180 3180 3183 3212 3158 3146 3156 3140 3176 3170 3163 3200 3152 3175 3164 3121 3132 3137 3147 3183 3127 3169 3167 3111 3125 3135 3157 3179 3125 3159 3142 3110 3155 3167 3143 3161 3122 3155 3157 
