1 3156 3206 3198 3195 3200 3211 3147 3140 3180 3203 3194 3192 3223 3195 3169 3195 3195 3213 3207 3201 3237 3217 3195 3212 3172 3214 3212 3210 3237 3208 3213 3217 3163 3200 3213 3205 3239 3203 3208 3213 3159 3171 3196 3197 3228 3185 3206 3204 3133 3161 3183 3199 3220 3166 3196 3200 3110 3134 3170 3161 3174 3145 3187 3192 
2 3152 3203 3194 3198 3203 3207 3150 3136 3191 3211 3204 3200 3229 3197 3169 3192 3187 3204 3197 3190 3228 3202 3196 3209 3187 3228 3226 3220 3242 3207 3213 3206 3166 3197 3212 3206 3236 3195 3208 3206 3165 3173 3199 3200 3227 3179 3212 3204 3132 3163 3187 3200 3221 3163 3194 3195 3112 3137 3174 3162 3175 3136 3183 3184 
3 3182 3223 3218 3209 3216 3214 3152 3132 3202 3218 3210 3202 3236 3199 3183 3199 3225 3236 3227 3214 3249 3220 3199 3205 3195 3230 3226 3219 3245 3207 3210 3203 3178 3208 3223 3212 3245 3203 3203 3201 3155 3167 3196 3190 3226 3177 3204 3198 3134 3161 3187 3200 3223 3165 3200 3201 3124 3143 3180 3167 3184 3146 3189 3189 
4 3152 3200 3192 3195 3195 3202 3152 3134 3189 3209 3197 3197 3224 3191 3177 3195 3180 3200 3188 3189 3223 3200 3198 3207 3180 3219 3214 3216 3234 3200 3213 3208 3163 3197 3210 3209 3238 3198 3214 3205 3156 3172 3191 3198 3229 3183 3214 3204 3134 3162 3180 3203 3219 3165 3195 3192 3109 3134 3167 3165 3174 3138 3185 3180 
5 3150 3204 3195 3193 3196 3204 3150 3134 3180 3207 3198 3195 3226 3193 3181 3203 3186 3205 3196 3192 3227 3205 3195 3207 3177 3220 3218 3216 3240 3188 3218 3213 3154 3183 3200 3196 3230 3188 3211 3209 3160 3172 3197 3197 3224 3175 3208 3197 3130 3157 3181 3194 3212 3156 3203 3201 3112 3137 3170 3164 3176 3135 3183 3185 
6 3182 3234 3214 3213 3214 3216 3144 3130 3199 3218 3203 3200 3225 3192 3175 3195 3220 3231 3217 3207 3238 3210 3192 3205 3191 3230 3219 3217 3236 3199 3205 3202 3176 3208 3216 3211 3239 3201 3205 3206 3163 3178 3196 3200 3228 3182 3210 3208 3139 3168 3186 3203 3223 3169 3202 3206 3144 3167 3186 3180 3187 3151 3183 3185 
7 3141 3191 3178 3175 3183 3188 3154 3143 3187 3201 3194 3197 3225 3192 3165 3193 3189 3202 3192 3188 3226 3201 3196 3214 3168 3205 3204 3205 3232 3202 3209 3210 3159 3189 3201 3196 3230 3191 3209 3212 3154 3161 3185 3190 3216 3168 3204 3202 3126 3153 3171 3190 3212 3156 3198 3202 3111 3130 3163 3160 3171 3136 3178 3182 
8 3145 3206 3188 3193 3195 3202 3150 3137 3187 3212 3200 3198 3222 3192 3172 3198 3170 3192 3178 3173 3212 3188 3195 3210 3180 3228 3221 3218 3241 3210 3209 3208 3164 3201 3212 3207 3235 3195 3209 3211 3157 3174 3195 3195 3227 3179 3206 3205 3130 3161 3181 3196 3214 3156 3195 3197 3108 3138 3168 3161 3172 3135 3181 3180 
9 3147 3210 3194 3191 3198 3202 3150 3137 3178 3205 3193 3191 3222 3191 3170 3191 3191 3213 3199 3193 3228 3203 3201 3214 3180 3228 3222 3217 3245 3212 3209 3207 3156 3192 3205 3198 3235 3192 3218 3216 3162 3177 3198 3196 3224 3177 3215 3210 3127 3158 3174 3187 3208 3152 3195 3199 3115 3145 3175 3164 3179 3140 3184 3185 
10 3158 3214 3200 3198 3201 3208 3141 3133 3179 3197 3189 3187 3214 3182 3173 3202 3201 3218 3208 3202 3237 3213 3191 3207 3175 3215 3212 3212 3235 3202 3208 3210 3171 3201 3216 3209 3239 3200 3200 3204 3161 3170 3193 3196 3224 3177 3207 3204 3127 3155 3175 3192 3213 3160 3198 3201 3114 3138 3172 3165 3176 3139 3183 3185 
