1 3410 3423 3431 3392 3399 3457 3393 3380 3389 3363 3385 3344 3351 3376 3403 3476 3459 3392 3421 3412 3392 3429 3434 3478 3400 3419 3428 3421 3409 3423 3452 3484 3390 3387 3418 3411 3405 3421 3459 3495 3381 3362 3388 3376 3374 3394 3454 3489 3379 3340 3404 3405 3359 3384 3430 3466 3387 3359 3412 3389 3385 3402 3437 3465 
2 3429 3426 3440 3401 3402 3457 3391 3374 3392 3364 3387 3347 3355 3380 3407 3474 3437 3374 3405 3393 3383 3413 3436 3484 3380 3406 3418 3412 3403 3418 3449 3479 3377 3377 3404 3404 3397 3414 3442 3479 3355 3335 3376 3359 3363 3387 3445 3482 3363 3327 3396 3408 3362 3381 3431 3467 3372 3347 3403 3386 3379 3396 3432 3461 
3 3440 3433 3447 3407 3403 3459 3396 3376 3410 3369 3388 3351 3357 3382 3404 3474 3459 3391 3418 3406 3387 3417 3438 3480 3409 3429 3433 3430 3414 3423 3460 3486 3395 3389 3421 3407 3400 3416 3459 3492 3397 3372 3396 3390 3373 3401 3452 3483 3428 3373 3440 3432 3386 3412 3460 3486 3415 3389 3435 3405 3392 3411 3444 3467 
4 3433 3432 3443 3400 3400 3454 3388 3371 3400 3371 3391 3346 3354 3381 3407 3477 3457 3386 3416 3403 3382 3419 3429 3473 3399 3422 3431 3429 3418 3432 3452 3481 3377 3374 3407 3395 3393 3410 3453 3489 3378 3360 3387 3377 3366 3396 3449 3484 3368 3331 3398 3400 3354 3380 3419 3456 3379 3351 3401 3381 3369 3386 3419 3448 
5 3400 3405 3421 3381 3382 3441 3387 3367 3410 3372 3383 3365 3375 3404 3400 3470 3430 3372 3400 3384 3378 3406 3430 3482 3389 3413 3416 3418 3403 3416 3436 3469 3360 3360 3395 3384 3381 3399 3443 3481 3379 3367 3389 3395 3378 3414 3446 3483 3362 3326 3395 3399 3352 3383 3429 3467 3370 3350 3407 3378 3371 3392 3426 3454 
6 3437 3433 3445 3404 3406 3460 3392 3378 3400 3365 3388 3348 3359 3386 3406 3472 3446 3375 3405 3392 3374 3412 3418 3466 3381 3403 3416 3408 3399 3415 3442 3471 3374 3372 3404 3398 3395 3413 3448 3483 3356 3340 3380 3365 3364 3392 3448 3483 3364 3328 3396 3401 3356 3375 3423 3461 3372 3346 3394 3380 3378 3397 3434 3461 
7 3393 3396 3415 3377 3380 3439 3387 3366 3399 3363 3381 3353 3365 3394 3408 3473 3424 3371 3399 3382 3379 3404 3431 3480 3386 3406 3419 3423 3410 3421 3433 3466 3376 3374 3404 3397 3390 3408 3440 3478 3371 3354 3380 3380 3370 3404 3433 3471 3365 3323 3398 3398 3353 3387 3435 3473 3369 3349 3409 3380 3363 3384 3418 3445 
8 3429 3421 3438 3396 3394 3445 3388 3365 3413 3372 3383 3362 3373 3399 3391 3457 3442 3371 3399 3389 3369 3401 3418 3467 3388 3412 3422 3415 3403 3416 3443 3472 3374 3373 3408 3397 3392 3408 3451 3484 3372 3356 3381 3379 3371 3399 3444 3478 3376 3331 3398 3401 3353 3387 3434 3467 3391 3361 3411 3390 3385 3401 3432 3457 
9 3405 3415 3425 3385 3391 3449 3381 3367 3405 3362 3379 3351 3363 3389 3394 3461 3440 3373 3402 3397 3379 3417 3428 3473 3388 3414 3424 3419 3410 3424 3443 3476 3361 3359 3398 3383 3382 3400 3441 3480 3362 3344 3381 3368 3367 3390 3447 3482 3360 3325 3395 3398 3354 3383 3428 3466 3373 3351 3408 3375 3373 3392 3422 3450 
10 3414 3421 3435 3395 3399 3458 3390 3378 3388 3368 3390 3349 3360 3388 3408 3472 3458 3385 3415 3404 3382 3419 3428 3464 3398 3422 3433 3431 3420 3433 3452 3481 3390 3387 3415 3406 3396 3412 3451 3485 3424 3404 3426 3430 3414 3444 3481 3508 3442 3391 3458 3455 3410 3432 3473 3499 3445 3416 3463 3436 3430 3447 3480 3500 
