1 3461 3470 3479 3433 3418 3452 3414 3378 3440 3409 3443 3405 3406 3437 3417 3482 3477 3421 3454 3426 3429 3444 3457 3495 3437 3457 3470 3442 3429 3444 3465 3503 3417 3390 3450 3406 3399 3405 3404 3480 3394 3364 3437 3398 3395 3402 3432 3478 3396 3370 3442 3431 3409 3399 3415 3483 3375 3366 3441 3411 3390 3396 3447 3446 
2 3501 3497 3506 3447 3438 3467 3400 3370 3454 3421 3447 3409 3407 3433 3404 3473 3475 3440 3475 3424 3450 3443 3473 3509 3447 3466 3477 3445 3434 3445 3467 3501 3435 3411 3460 3429 3417 3428 3424 3482 3409 3380 3441 3402 3398 3400 3430 3475 3397 3371 3444 3414 3404 3400 3416 3479 3380 3365 3432 3398 3379 3377 3424 3422 
3 3471 3478 3493 3434 3427 3471 3404 3374 3440 3412 3442 3401 3400 3433 3414 3483 3464 3416 3449 3416 3424 3436 3451 3492 3429 3452 3466 3432 3419 3434 3466 3504 3422 3400 3451 3416 3402 3415 3407 3477 3397 3371 3439 3402 3393 3399 3426 3472 3392 3368 3435 3416 3396 3397 3412 3477 3373 3362 3435 3397 3375 3378 3428 3429 
4 3499 3491 3503 3447 3432 3463 3412 3376 3456 3424 3448 3403 3399 3425 3392 3465 3489 3435 3468 3429 3438 3440 3458 3495 3455 3469 3477 3443 3430 3438 3461 3495 3432 3408 3466 3417 3409 3411 3401 3475 3429 3396 3450 3416 3395 3400 3419 3464 3432 3402 3460 3433 3409 3399 3407 3470 3403 3387 3450 3419 3399 3395 3441 3436 
5 3496 3494 3508 3447 3438 3476 3405 3372 3436 3412 3448 3394 3391 3421 3416 3483 3472 3411 3448 3427 3423 3443 3450 3489 3434 3453 3468 3436 3421 3434 3459 3494 3414 3393 3449 3414 3403 3413 3443 3483 3399 3368 3439 3409 3389 3404 3430 3475 3392 3367 3444 3424 3403 3403 3417 3485 3373 3364 3442 3407 3387 3389 3440 3438 
6 3507 3497 3511 3449 3444 3469 3408 3365 3460 3428 3460 3406 3401 3426 3410 3469 3498 3441 3470 3435 3430 3443 3450 3480 3459 3470 3481 3443 3431 3437 3470 3503 3450 3421 3468 3432 3418 3425 3446 3483 3429 3397 3454 3408 3398 3404 3427 3471 3423 3395 3457 3426 3403 3394 3404 3461 3400 3384 3450 3415 3395 3392 3437 3432 
7 3468 3479 3486 3433 3428 3473 3409 3374 3439 3417 3452 3399 3394 3429 3422 3488 3487 3435 3466 3444 3427 3466 3457 3489 3434 3456 3469 3438 3424 3441 3456 3494 3418 3392 3454 3408 3401 3411 3441 3482 3402 3374 3442 3405 3395 3410 3438 3482 3395 3371 3438 3422 3402 3404 3423 3484 3370 3364 3440 3405 3382 3390 3438 3436 
8 3509 3496 3505 3451 3434 3466 3416 3377 3448 3418 3445 3394 3391 3419 3401 3470 3494 3443 3477 3436 3437 3448 3459 3486 3455 3473 3483 3454 3441 3452 3470 3501 3428 3404 3467 3414 3410 3405 3440 3478 3430 3400 3453 3400 3397 3404 3429 3471 3423 3394 3456 3432 3409 3402 3416 3472 3399 3375 3443 3408 3390 3385 3432 3428 
9 3515 3502 3510 3449 3442 3475 3404 3371 3450 3421 3451 3396 3392 3419 3401 3468 3484 3434 3459 3432 3427 3449 3451 3491 3429 3449 3463 3423 3419 3426 3464 3502 3421 3401 3458 3411 3402 3410 3434 3476 3419 3388 3448 3419 3404 3410 3425 3470 3419 3394 3461 3444 3418 3398 3397 3461 3395 3384 3450 3415 3391 3392 3438 3435 
10 3488 3483 3496 3431 3428 3467 3400 3370 3434 3409 3446 3395 3391 3412 3423 3497 3485 3426 3459 3437 3419 3452 3454 3483 3438 3457 3472 3444 3428 3440 3465 3503 3416 3395 3449 3412 3403 3412 3438 3477 3403 3373 3446 3406 3400 3405 3434 3480 3395 3370 3446 3420 3403 3400 3414 3478 3371 3360 3437 3399 3379 3381 3431 3432 
