1 3453 3462 3501 3473 3417 3484 3424 3417 3466 3425 3447 3424 3419 3461 3436 3507 3483 3450 3456 3440 3405 3443 3464 3492 3445 3459 3478 3452 3419 3463 3451 3485 3416 3446 3451 3426 3426 3454 3465 3494 3409 3378 3448 3422 3399 3430 3464 3499 3411 3388 3449 3431 3395 3416 3460 3494 3406 3383 3451 3406 3384 3413 3460 3490 
2 3468 3480 3520 3488 3429 3497 3431 3411 3455 3412 3434 3413 3406 3447 3443 3503 3499 3474 3481 3458 3424 3464 3478 3510 3467 3479 3499 3466 3443 3472 3489 3521 3434 3463 3466 3434 3432 3456 3480 3505 3425 3390 3462 3438 3412 3443 3461 3493 3429 3404 3463 3442 3403 3417 3453 3484 3419 3397 3463 3426 3401 3426 3474 3502 
3 3486 3492 3529 3486 3426 3488 3430 3426 3474 3429 3451 3427 3419 3461 3431 3493 3468 3443 3452 3431 3401 3439 3465 3504 3439 3452 3472 3442 3410 3452 3451 3484 3412 3441 3448 3413 3412 3441 3474 3500 3421 3385 3459 3422 3395 3425 3468 3500 3435 3410 3471 3448 3410 3424 3467 3496 3429 3407 3473 3435 3409 3435 3480 3507 
4 3471 3484 3525 3494 3432 3501 3431 3423 3468 3424 3446 3427 3420 3463 3444 3513 3485 3459 3467 3448 3414 3456 3471 3502 3438 3450 3468 3438 3403 3447 3449 3486 3409 3439 3444 3417 3406 3440 3467 3496 3412 3379 3452 3424 3398 3429 3465 3501 3414 3395 3458 3443 3405 3425 3470 3504 3408 3388 3454 3427 3402 3431 3479 3509 
5 3494 3502 3539 3500 3440 3499 3424 3417 3482 3434 3455 3434 3427 3465 3436 3497 3492 3456 3461 3440 3411 3445 3470 3509 3454 3465 3483 3452 3416 3456 3456 3488 3422 3450 3452 3421 3418 3441 3478 3504 3419 3382 3458 3424 3399 3427 3456 3488 3419 3395 3454 3434 3405 3424 3469 3500 3419 3396 3461 3414 3391 3419 3464 3493 
6 3458 3468 3508 3476 3417 3484 3427 3424 3471 3429 3451 3431 3424 3466 3439 3499 3497 3466 3471 3455 3419 3456 3483 3521 3471 3482 3500 3468 3432 3472 3476 3508 3440 3435 3472 3437 3437 3461 3480 3507 3437 3397 3475 3442 3413 3442 3466 3498 3447 3419 3478 3455 3416 3430 3477 3507 3434 3411 3475 3438 3411 3434 3480 3508 
7 3490 3501 3540 3504 3443 3507 3432 3417 3477 3429 3452 3432 3425 3468 3442 3508 3491 3456 3461 3444 3407 3445 3466 3489 3447 3457 3475 3451 3420 3460 3470 3503 3420 3412 3452 3422 3419 3446 3466 3493 3415 3383 3461 3426 3401 3431 3468 3500 3428 3406 3467 3449 3410 3426 3471 3502 3429 3405 3470 3430 3406 3434 3481 3509 
8 3463 3476 3518 3487 3428 3497 3429 3413 3471 3429 3452 3430 3423 3464 3437 3499 3472 3446 3457 3434 3408 3442 3473 3511 3440 3454 3475 3444 3412 3454 3456 3487 3412 3403 3449 3416 3416 3444 3471 3497 3413 3380 3451 3425 3399 3429 3467 3500 3411 3390 3454 3437 3400 3420 3467 3498 3407 3381 3448 3416 3392 3420 3468 3494 
9 3494 3501 3541 3502 3439 3498 3421 3413 3467 3422 3445 3421 3411 3449 3436 3498 3511 3480 3487 3468 3430 3467 3481 3514 3467 3475 3494 3475 3435 3475 3477 3509 3442 3427 3472 3438 3434 3457 3486 3512 3449 3406 3484 3448 3418 3444 3480 3508 3465 3435 3495 3466 3427 3439 3481 3505 3452 3420 3480 3446 3419 3440 3484 3510 
10 3469 3482 3527 3499 3439 3507 3432 3419 3459 3414 3438 3419 3412 3455 3448 3510 3485 3457 3468 3448 3414 3456 3469 3496 3430 3445 3468 3436 3406 3449 3452 3487 3418 3408 3453 3423 3420 3448 3464 3492 3402 3366 3448 3414 3393 3424 3470 3503 3417 3395 3458 3440 3403 3419 3458 3491 3412 3390 3459 3422 3396 3422 3473 3501 
