1 3458 3475 3450 3433 3424 3435 3322 3336 3361 3336 3364 3349 3314 3363 3352 3431 3407 3360 3382 3377 3364 3397 3409 3426 3374 3378 3400 3360 3372 3345 3404 3436 3340 3337 3388 3346 3346 3379 3403 3419 3355 3330 3401 3359 3345 3375 3383 3420 3351 3324 3388 3401 3354 3353 3412 3429 3347 3333 3378 3383 3345 3363 3419 3439 
2 3451 3467 3448 3425 3415 3426 3314 3330 3382 3357 3386 3380 3344 3392 3369 3427 3423 3376 3397 3378 3380 3399 3412 3458 3389 3386 3408 3355 3366 3365 3412 3444 3357 3355 3403 3357 3355 3385 3416 3429 3381 3347 3414 3366 3348 3373 3391 3430 3387 3358 3420 3431 3385 3379 3430 3443 3405 3378 3426 3413 3385 3380 3433 3448 
3 3444 3466 3441 3428 3421 3433 3322 3336 3362 3339 3367 3349 3317 3364 3349 3432 3414 3371 3394 3374 3363 3395 3403 3434 3362 3369 3393 3347 3360 3368 3397 3430 3343 3344 3391 3346 3342 3373 3403 3415 3352 3326 3395 3352 3336 3364 3389 3429 3348 3323 3390 3412 3364 3360 3410 3426 3354 3338 3383 3378 3352 3352 3408 3426 
4 3419 3445 3426 3409 3402 3420 3307 3327 3366 3345 3371 3357 3326 3374 3352 3435 3403 3368 3391 3375 3365 3398 3403 3437 3371 3377 3399 3352 3365 3369 3381 3433 3343 3344 3390 3347 3344 3374 3398 3411 3361 3336 3404 3360 3346 3374 3388 3424 3349 3327 3393 3404 3361 3361 3409 3426 3354 3339 3382 3384 3355 3362 3419 3438 
5 3459 3474 3454 3431 3420 3431 3320 3332 3383 3357 3382 3364 3330 3377 3360 3415 3434 3391 3406 3381 3368 3396 3403 3423 3391 3390 3409 3355 3369 3365 3384 3432 3356 3357 3402 3356 3354 3385 3409 3419 3368 3338 3403 3352 3344 3363 3390 3429 3377 3348 3408 3424 3379 3374 3404 3420 3381 3360 3399 3387 3358 3359 3413 3429 
6 3431 3453 3425 3412 3405 3415 3306 3320 3374 3353 3380 3363 3331 3379 3358 3425 3415 3374 3391 3369 3356 3386 3399 3434 3373 3375 3392 3344 3358 3368 3378 3426 3335 3340 3384 3342 3339 3370 3409 3422 3346 3327 3395 3350 3340 3368 3387 3422 3351 3331 3396 3407 3364 3363 3403 3421 3354 3339 3385 3375 3352 3353 3405 3422 
7 3481 3501 3485 3465 3457 3468 3360 3374 3389 3366 3394 3376 3345 3394 3374 3462 3444 3400 3420 3403 3389 3420 3438 3456 3384 3390 3415 3366 3380 3384 3427 3456 3353 3350 3401 3356 3356 3386 3407 3421 3381 3348 3416 3371 3354 3377 3392 3426 3371 3346 3408 3417 3371 3367 3413 3428 3380 3358 3405 3404 3360 3374 3426 3443 
8 3437 3461 3439 3424 3416 3433 3324 3339 3357 3335 3364 3347 3316 3366 3349 3439 3411 3369 3389 3369 3353 3386 3402 3431 3361 3369 3393 3343 3354 3362 3403 3433 3341 3339 3392 3348 3347 3379 3411 3423 3353 3320 3390 3344 3328 3357 3382 3420 3340 3320 3388 3399 3356 3356 3413 3428 3362 3345 3384 3380 3353 3362 3419 3436 
9 3465 3480 3458 3442 3430 3439 3330 3341 3383 3358 3384 3364 3328 3374 3352 3429 3427 3382 3401 3382 3366 3395 3414 3429 3388 3389 3414 3363 3375 3375 3408 3437 3354 3350 3404 3355 3354 3383 3424 3435 3387 3353 3420 3368 3352 3372 3392 3424 3388 3355 3416 3433 3386 3378 3432 3443 3403 3382 3421 3405 3380 3372 3422 3436 
10 3437 3452 3431 3413 3405 3420 3307 3327 3367 3343 3372 3357 3324 3372 3349 3438 3422 3383 3405 3386 3373 3405 3415 3433 3373 3374 3393 3345 3356 3361 3410 3441 3347 3347 3395 3352 3348 3379 3398 3415 3359 3328 3399 3353 3346 3363 3398 3436 3351 3319 3386 3395 3354 3354 3419 3436 3353 3330 3384 3389 3345 3366 3422 3441 
