1 3493 3509 3514 3472 3433 3464 3423 3434 3484 3450 3465 3438 3427 3463 3451 3505 3518 3482 3485 3476 3436 3484 3472 3525 3475 3484 3499 3474 3449 3477 3478 3516 3462 3459 3492 3460 3443 3465 3508 3532 3475 3446 3492 3471 3446 3452 3452 3485 3461 3431 3487 3483 3441 3432 3480 3506 3451 3436 3497 3460 3431 3442 3480 3493 
2 3498 3509 3514 3471 3428 3455 3445 3452 3482 3449 3466 3440 3425 3460 3456 3512 3508 3471 3476 3458 3419 3461 3459 3516 3469 3480 3497 3481 3453 3483 3466 3504 3453 3449 3476 3446 3418 3440 3475 3500 3453 3429 3485 3462 3438 3447 3461 3499 3464 3433 3490 3492 3446 3437 3481 3509 3459 3441 3502 3469 3427 3432 3471 3488 
3 3505 3522 3524 3483 3442 3473 3431 3427 3474 3437 3467 3421 3422 3438 3463 3519 3517 3484 3486 3474 3431 3480 3469 3499 3453 3469 3488 3467 3441 3474 3472 3508 3460 3460 3489 3460 3438 3462 3486 3511 3459 3437 3490 3474 3450 3460 3473 3510 3445 3418 3476 3480 3435 3430 3480 3509 3431 3419 3479 3454 3424 3437 3475 3486 
4 3510 3521 3525 3482 3440 3466 3428 3437 3472 3440 3470 3427 3423 3448 3461 3518 3502 3472 3479 3464 3425 3472 3457 3507 3467 3479 3494 3473 3446 3473 3469 3510 3453 3453 3484 3451 3429 3452 3491 3513 3462 3437 3488 3467 3442 3448 3471 3509 3462 3434 3491 3489 3446 3435 3483 3511 3449 3433 3495 3454 3419 3428 3467 3485 
5 3500 3514 3520 3478 3438 3469 3435 3440 3481 3444 3470 3431 3424 3452 3467 3521 3498 3455 3463 3442 3413 3452 3454 3506 3456 3464 3478 3454 3431 3463 3475 3512 3448 3445 3478 3450 3429 3455 3491 3514 3449 3423 3489 3457 3434 3444 3475 3509 3446 3420 3480 3479 3438 3432 3484 3510 3455 3443 3506 3464 3425 3431 3471 3479 
6 3520 3533 3536 3493 3450 3480 3431 3440 3470 3430 3456 3414 3402 3430 3437 3492 3510 3473 3474 3457 3414 3462 3455 3507 3456 3470 3488 3460 3434 3466 3469 3506 3461 3461 3488 3456 3432 3456 3478 3502 3454 3430 3483 3466 3442 3452 3457 3492 3447 3423 3478 3479 3438 3429 3459 3486 3454 3439 3498 3453 3422 3434 3473 3480 
7 3498 3513 3521 3478 3438 3470 3432 3441 3491 3456 3472 3441 3428 3465 3458 3518 3517 3479 3484 3474 3431 3480 3469 3524 3472 3483 3500 3475 3449 3478 3468 3507 3449 3450 3484 3456 3437 3462 3487 3514 3462 3438 3494 3478 3455 3465 3468 3507 3433 3406 3469 3465 3429 3429 3478 3507 3435 3427 3493 3447 3410 3422 3458 3470 
8 3530 3539 3541 3496 3453 3478 3434 3433 3480 3446 3470 3423 3417 3440 3453 3508 3525 3489 3491 3475 3432 3478 3463 3514 3462 3475 3493 3467 3443 3474 3470 3508 3473 3469 3497 3464 3440 3462 3487 3512 3479 3448 3494 3472 3446 3451 3476 3513 3473 3444 3499 3497 3455 3446 3478 3505 3473 3457 3516 3474 3442 3452 3487 3502 
9 3499 3517 3521 3476 3437 3468 3433 3439 3487 3452 3467 3433 3420 3456 3448 3502 3501 3467 3475 3452 3417 3463 3454 3515 3460 3476 3494 3468 3445 3476 3460 3505 3457 3455 3486 3457 3435 3459 3472 3500 3452 3428 3486 3460 3438 3450 3458 3495 3446 3422 3482 3479 3439 3431 3470 3497 3431 3418 3483 3439 3407 3421 3463 3484 
10 3497 3510 3514 3476 3437 3467 3436 3434 3478 3444 3472 3429 3422 3452 3461 3516 3530 3495 3498 3484 3443 3490 3483 3532 3485 3496 3510 3483 3456 3484 3489 3526 3471 3469 3500 3465 3445 3468 3496 3520 3460 3435 3492 3465 3442 3451 3471 3505 3444 3414 3472 3467 3430 3422 3468 3495 3448 3433 3495 3453 3418 3429 3470 3484 
