1 3460 3489 3487 3458 3445 3465 3361 3360 3467 3365 3427 3399 3388 3424 3441 3465 3432 3423 3452 3413 3410 3421 3442 3481 3416 3429 3433 3432 3394 3442 3455 3481 3375 3406 3434 3394 3398 3397 3435 3470 3403 3389 3432 3446 3419 3415 3439 3470 3380 3362 3444 3431 3392 3395 3425 3454 3394 3447 3469 3433 3396 3405 3417 3457 
2 3469 3493 3488 3460 3443 3460 3359 3363 3464 3364 3426 3398 3387 3426 3439 3469 3431 3422 3452 3412 3408 3422 3440 3478 3416 3441 3446 3448 3407 3459 3456 3483 3386 3417 3456 3417 3420 3424 3445 3481 3407 3394 3440 3454 3427 3425 3430 3465 3383 3363 3447 3437 3397 3404 3444 3477 3387 3441 3464 3425 3388 3400 3406 3450 
3 3484 3510 3507 3477 3459 3474 3367 3356 3461 3373 3421 3389 3373 3409 3420 3456 3474 3459 3485 3444 3427 3440 3453 3490 3445 3463 3465 3469 3421 3471 3463 3487 3413 3441 3469 3434 3435 3434 3452 3485 3443 3421 3465 3470 3444 3437 3445 3469 3435 3408 3485 3468 3426 3425 3441 3468 3408 3449 3469 3429 3396 3396 3411 3450 
4 3494 3516 3511 3487 3468 3483 3375 3349 3467 3375 3421 3391 3377 3410 3423 3453 3453 3439 3461 3420 3404 3415 3427 3460 3440 3454 3451 3452 3401 3451 3446 3470 3404 3433 3464 3426 3428 3425 3454 3486 3424 3405 3448 3456 3430 3424 3424 3455 3412 3385 3462 3442 3400 3399 3433 3461 3408 3451 3470 3428 3390 3396 3402 3442 
5 3459 3492 3490 3464 3451 3472 3371 3368 3454 3365 3420 3395 3383 3421 3433 3465 3440 3431 3459 3420 3407 3423 3439 3481 3421 3434 3440 3437 3397 3446 3450 3476 3385 3409 3445 3412 3414 3417 3438 3474 3391 3381 3439 3442 3417 3417 3443 3474 3398 3381 3461 3452 3409 3409 3443 3473 3391 3445 3466 3431 3393 3403 3408 3451 
6 3497 3518 3515 3481 3460 3475 3376 3350 3473 3383 3427 3398 3383 3415 3426 3455 3460 3445 3469 3427 3409 3423 3439 3472 3443 3459 3460 3456 3408 3455 3463 3486 3412 3441 3469 3433 3434 3432 3443 3475 3425 3405 3449 3452 3425 3419 3434 3461 3410 3384 3458 3440 3397 3397 3422 3449 3417 3459 3478 3434 3395 3399 3401 3441 
7 3472 3500 3496 3470 3456 3477 3373 3350 3447 3367 3416 3392 3381 3423 3433 3472 3442 3431 3461 3427 3412 3434 3445 3469 3415 3438 3443 3443 3399 3452 3452 3480 3390 3423 3447 3419 3422 3423 3431 3467 3404 3389 3435 3447 3421 3418 3440 3475 3389 3369 3451 3444 3403 3406 3439 3472 3391 3441 3462 3422 3386 3394 3408 3452 
8 3493 3513 3507 3479 3459 3473 3375 3351 3470 3380 3429 3400 3385 3420 3428 3461 3466 3451 3476 3440 3423 3439 3448 3482 3446 3460 3460 3467 3415 3469 3471 3494 3405 3426 3461 3427 3426 3428 3440 3474 3429 3409 3455 3463 3436 3431 3438 3465 3425 3396 3473 3455 3411 3412 3439 3463 3427 3466 3487 3444 3405 3411 3416 3454 
9 3474 3502 3497 3473 3460 3479 3375 3350 3443 3375 3415 3399 3386 3418 3444 3481 3450 3437 3467 3431 3415 3436 3447 3478 3412 3437 3443 3440 3398 3449 3458 3483 3391 3424 3452 3425 3429 3430 3445 3479 3395 3383 3435 3443 3423 3423 3440 3469 3395 3377 3460 3453 3411 3415 3431 3461 3388 3440 3463 3424 3387 3398 3419 3460 
10 3462 3488 3481 3455 3441 3457 3356 3359 3461 3370 3422 3395 3384 3421 3435 3474 3462 3451 3478 3443 3428 3448 3459 3494 3442 3461 3463 3459 3414 3463 3475 3499 3409 3436 3470 3429 3431 3431 3454 3486 3424 3407 3450 3453 3431 3427 3437 3467 3411 3388 3466 3451 3408 3409 3436 3465 3399 3445 3466 3422 3391 3395 3414 3455 
