1 3515 3517 3537 3479 3440 3491 3425 3451 3483 3452 3463 3438 3431 3465 3442 3513 3492 3457 3471 3447 3430 3462 3467 3514 3447 3464 3498 3474 3447 3469 3473 3518 3457 3466 3483 3455 3440 3451 3481 3526 3445 3437 3478 3459 3446 3453 3465 3511 3434 3402 3468 3467 3436 3433 3488 3523 3426 3405 3485 3436 3416 3425 3462 3494 
2 3496 3503 3521 3466 3432 3486 3436 3462 3469 3439 3456 3431 3422 3460 3446 3513 3496 3465 3478 3462 3445 3482 3477 3522 3445 3464 3497 3472 3444 3468 3464 3509 3434 3445 3468 3438 3430 3446 3481 3525 3417 3414 3460 3435 3423 3434 3476 3521 3417 3390 3455 3455 3423 3426 3483 3518 3401 3385 3471 3435 3410 3424 3476 3510 
3 3535 3535 3551 3500 3461 3515 3447 3457 3478 3447 3468 3437 3428 3461 3447 3514 3499 3462 3477 3448 3429 3462 3460 3510 3443 3460 3495 3475 3444 3464 3467 3513 3446 3456 3479 3446 3436 3451 3480 3526 3438 3431 3475 3450 3435 3443 3479 3524 3444 3413 3477 3481 3448 3440 3478 3513 3426 3407 3489 3447 3420 3430 3475 3508 
4 3505 3512 3532 3478 3443 3499 3443 3467 3475 3448 3468 3437 3431 3466 3451 3520 3493 3464 3479 3451 3435 3469 3463 3514 3448 3468 3502 3477 3450 3473 3473 3518 3443 3456 3477 3443 3435 3448 3475 3520 3428 3424 3469 3442 3430 3439 3474 3519 3427 3400 3467 3467 3437 3430 3484 3520 3410 3392 3479 3440 3417 3428 3480 3514 
5 3542 3543 3556 3507 3468 3520 3448 3461 3482 3450 3470 3438 3427 3457 3452 3523 3518 3482 3494 3468 3447 3478 3478 3521 3460 3475 3507 3484 3455 3476 3492 3533 3461 3469 3488 3454 3444 3456 3487 3530 3462 3450 3487 3467 3450 3454 3478 3521 3475 3439 3497 3507 3472 3462 3496 3524 3473 3451 3528 3490 3465 3472 3515 3538 
6 3506 3511 3528 3474 3440 3496 3434 3455 3474 3445 3472 3434 3424 3458 3455 3522 3499 3469 3483 3460 3443 3479 3473 3524 3448 3467 3499 3472 3442 3466 3470 3514 3446 3460 3481 3453 3445 3460 3477 3521 3428 3421 3460 3438 3421 3430 3467 3512 3417 3392 3464 3466 3437 3432 3478 3514 3405 3393 3479 3439 3416 3429 3476 3509 
7 3535 3536 3554 3495 3454 3505 3434 3456 3485 3452 3479 3446 3438 3468 3457 3525 3527 3488 3500 3483 3464 3493 3490 3527 3482 3497 3531 3509 3480 3498 3485 3539 3469 3473 3493 3462 3453 3463 3503 3544 3467 3452 3490 3463 3446 3446 3475 3515 3468 3430 3499 3487 3453 3440 3486 3514 3453 3431 3509 3464 3441 3445 3488 3514 
8 3509 3511 3529 3477 3441 3498 3429 3454 3473 3444 3474 3436 3430 3462 3462 3531 3498 3459 3474 3451 3434 3467 3466 3516 3445 3460 3493 3467 3437 3454 3456 3514 3440 3446 3471 3439 3435 3448 3480 3525 3433 3426 3469 3445 3431 3438 3468 3513 3416 3387 3458 3460 3431 3424 3469 3505 3408 3390 3474 3432 3408 3419 3467 3501 
9 3510 3514 3535 3479 3445 3499 3429 3447 3467 3440 3468 3429 3424 3459 3455 3523 3497 3458 3470 3451 3436 3468 3472 3516 3446 3460 3493 3465 3440 3462 3455 3512 3445 3453 3472 3439 3431 3442 3472 3517 3437 3430 3474 3447 3435 3442 3477 3522 3420 3390 3465 3462 3434 3426 3476 3512 3415 3397 3483 3433 3409 3419 3466 3500 
10 3526 3527 3547 3490 3453 3501 3433 3456 3470 3437 3458 3429 3417 3447 3442 3512 3495 3457 3475 3455 3435 3468 3472 3509 3451 3467 3501 3475 3445 3462 3462 3510 3445 3453 3473 3442 3430 3443 3479 3525 3436 3428 3468 3443 3424 3432 3479 3526 3437 3407 3472 3475 3442 3433 3476 3514 3424 3402 3484 3445 3423 3433 3478 3511 
