1 3473 3487 3476 3441 3410 3437 3387 3361 3389 3371 3413 3360 3365 3395 3389 3470 3446 3403 3428 3408 3395 3411 3419 3467 3394 3400 3433 3411 3384 3426 3435 3480 3381 3369 3416 3376 3373 3413 3453 3488 3385 3364 3429 3381 3383 3391 3451 3479 3375 3350 3428 3375 3387 3398 3442 3478 3389 3400 3427 3407 3373 3387 3428 3455 
2 3446 3465 3455 3409 3382 3411 3373 3365 3403 3384 3420 3368 3376 3404 3394 3468 3431 3390 3417 3392 3392 3415 3431 3469 3400 3402 3436 3424 3397 3440 3432 3480 3377 3373 3411 3368 3368 3411 3443 3479 3370 3353 3427 3379 3385 3397 3460 3488 3363 3339 3419 3364 3380 3391 3437 3475 3370 3386 3416 3397 3371 3388 3427 3454 
3 3450 3467 3458 3416 3388 3417 3377 3369 3390 3378 3423 3367 3365 3394 3401 3475 3433 3396 3422 3398 3392 3413 3424 3471 3396 3401 3436 3408 3381 3423 3433 3481 3373 3373 3412 3372 3368 3414 3450 3485 3369 3354 3431 3380 3385 3398 3460 3487 3362 3337 3417 3373 3384 3400 3448 3485 3362 3380 3417 3402 3372 3390 3431 3459 
4 3454 3474 3466 3421 3396 3426 3379 3362 3388 3372 3419 3361 3370 3398 3393 3468 3444 3400 3426 3399 3388 3410 3426 3467 3389 3398 3433 3409 3385 3427 3433 3478 3373 3372 3415 3374 3372 3414 3455 3491 3377 3359 3433 3383 3389 3401 3466 3494 3365 3339 3415 3369 3384 3399 3446 3483 3364 3381 3419 3403 3375 3392 3435 3462 
5 3471 3484 3473 3425 3393 3416 3381 3368 3409 3390 3426 3369 3376 3401 3389 3458 3448 3407 3434 3399 3410 3429 3443 3483 3419 3418 3451 3426 3397 3436 3434 3477 3399 3394 3433 3391 3390 3426 3466 3499 3400 3378 3437 3387 3386 3386 3452 3478 3409 3383 3456 3406 3415 3424 3465 3493 3411 3421 3450 3422 3394 3402 3437 3462 
6 3434 3458 3452 3407 3384 3414 3374 3368 3392 3376 3422 3366 3373 3402 3401 3473 3427 3391 3421 3389 3399 3421 3437 3475 3390 3401 3435 3407 3386 3426 3435 3480 3375 3375 3416 3374 3373 3417 3450 3485 3379 3354 3421 3395 3385 3401 3458 3485 3368 3346 3427 3372 3389 3401 3448 3484 3363 3383 3421 3398 3371 3388 3427 3453 
7 3464 3479 3470 3429 3397 3421 3386 3375 3406 3388 3414 3366 3373 3398 3382 3447 3435 3391 3415 3386 3385 3405 3420 3457 3389 3391 3424 3399 3377 3417 3428 3475 3376 3366 3409 3374 3370 3407 3455 3490 3373 3354 3422 3383 3378 3391 3454 3481 3378 3353 3427 3371 3381 3390 3433 3468 3385 3400 3431 3410 3381 3395 3433 3459 
8 3454 3470 3459 3417 3389 3417 3379 3369 3397 3384 3430 3372 3370 3398 3406 3474 3435 3391 3418 3393 3388 3409 3424 3470 3403 3405 3441 3421 3394 3435 3440 3487 3373 3367 3408 3370 3361 3411 3446 3483 3376 3359 3431 3379 3385 3395 3458 3488 3364 3340 3420 3372 3380 3391 3437 3476 3361 3374 3410 3396 3370 3387 3420 3447 
9 3445 3466 3457 3411 3385 3415 3367 3363 3391 3377 3423 3364 3368 3398 3398 3465 3445 3407 3443 3402 3422 3443 3457 3496 3422 3424 3458 3431 3409 3448 3448 3494 3405 3396 3438 3394 3396 3434 3468 3501 3387 3366 3428 3381 3383 3395 3461 3488 3381 3354 3425 3368 3381 3395 3437 3472 3382 3395 3424 3403 3376 3391 3425 3451 
10 3467 3481 3473 3428 3396 3421 3382 3368 3384 3365 3409 3350 3350 3374 3378 3454 3430 3390 3414 3386 3378 3397 3409 3458 3399 3403 3438 3417 3390 3431 3421 3469 3376 3372 3413 3370 3368 3410 3443 3479 3369 3351 3418 3372 3369 3385 3453 3481 3370 3344 3416 3362 3381 3396 3442 3480 3385 3399 3427 3404 3377 3392 3429 3456 
