1 3146 3175 3162 3151 3159 3133 3083 3074 3127 3126 3116 3108 3128 3115 3111 3138 3155 3148 3139 3131 3147 3129 3132 3146 3100 3132 3132 3118 3136 3115 3132 3137 3098 3123 3122 3121 3140 3117 3146 3145 3085 3082 3102 3091 3124 3093 3142 3148 3063 3071 3101 3097 3133 3095 3145 3147 3095 3105 3135 3107 3140 3112 3162 3140 
2 3129 3162 3156 3146 3159 3139 3073 3067 3094 3093 3084 3077 3109 3098 3106 3137 3124 3118 3112 3106 3128 3117 3123 3141 3084 3115 3117 3106 3129 3113 3133 3143 3080 3104 3105 3106 3132 3113 3136 3140 3070 3068 3091 3082 3119 3092 3137 3145 3060 3062 3094 3093 3128 3093 3138 3145 3069 3081 3113 3090 3127 3103 3146 3133 
3 3149 3180 3169 3155 3158 3137 3082 3072 3117 3117 3111 3105 3129 3118 3112 3141 3151 3145 3137 3129 3144 3131 3131 3145 3098 3129 3126 3114 3135 3115 3140 3144 3092 3118 3118 3114 3139 3118 3144 3147 3084 3084 3109 3097 3130 3104 3151 3157 3064 3068 3102 3102 3134 3097 3143 3151 3098 3107 3138 3111 3142 3112 3156 3135 
4 3156 3189 3182 3168 3182 3160 3118 3109 3114 3115 3113 3108 3136 3129 3109 3138 3124 3119 3114 3106 3132 3114 3132 3142 3084 3119 3121 3107 3136 3118 3133 3140 3067 3097 3097 3095 3117 3100 3143 3146 3074 3076 3100 3088 3120 3094 3132 3136 3049 3056 3087 3089 3124 3089 3135 3140 3073 3086 3123 3088 3127 3106 3147 3131 
5 3121 3161 3151 3140 3152 3128 3067 3066 3098 3100 3091 3088 3118 3104 3102 3142 3124 3119 3113 3107 3130 3116 3122 3141 3079 3112 3112 3099 3127 3105 3132 3148 3076 3104 3103 3102 3130 3107 3138 3145 3074 3074 3095 3084 3125 3091 3141 3153 3063 3068 3099 3099 3134 3093 3139 3150 3095 3106 3134 3103 3142 3113 3158 3141 
6 3128 3162 3154 3144 3157 3134 3070 3064 3100 3103 3094 3087 3114 3102 3097 3137 3124 3124 3115 3112 3130 3119 3120 3133 3079 3113 3111 3100 3135 3110 3138 3148 3076 3102 3104 3101 3127 3107 3137 3143 3071 3070 3092 3082 3115 3088 3130 3140 3058 3065 3092 3097 3126 3089 3137 3146 3065 3081 3111 3090 3126 3102 3146 3133 
7 3115 3151 3137 3130 3139 3114 3075 3066 3107 3107 3098 3094 3121 3110 3101 3131 3113 3109 3100 3098 3131 3105 3133 3144 3090 3123 3120 3112 3139 3117 3136 3139 3073 3096 3096 3094 3122 3099 3148 3148 3076 3075 3094 3088 3119 3088 3131 3133 3062 3064 3092 3093 3128 3087 3139 3143 3074 3084 3115 3088 3123 3094 3147 3126 
8 3150 3182 3175 3167 3175 3152 3101 3093 3114 3111 3106 3100 3125 3112 3116 3149 3132 3127 3121 3120 3137 3123 3130 3145 3082 3114 3114 3106 3127 3111 3137 3148 3079 3103 3105 3106 3130 3110 3137 3141 3074 3071 3094 3091 3114 3088 3135 3141 3060 3060 3094 3093 3127 3088 3139 3143 3074 3083 3115 3100 3132 3107 3154 3137 
9 3128 3163 3158 3145 3158 3130 3072 3066 3099 3102 3094 3088 3120 3099 3103 3141 3120 3118 3114 3107 3132 3112 3125 3144 3076 3112 3113 3102 3136 3102 3139 3153 3078 3107 3109 3107 3134 3107 3134 3140 3066 3068 3091 3082 3115 3080 3136 3145 3056 3063 3096 3093 3126 3083 3137 3149 3063 3077 3110 3090 3133 3097 3149 3137 
10 3149 3176 3169 3161 3172 3148 3079 3067 3124 3122 3114 3101 3129 3115 3108 3136 3150 3143 3137 3124 3144 3130 3129 3146 3100 3130 3131 3115 3138 3118 3136 3143 3092 3116 3119 3111 3137 3117 3138 3140 3079 3078 3102 3091 3119 3091 3131 3139 3056 3061 3091 3093 3131 3092 3139 3146 3083 3093 3127 3098 3133 3107 3148 3133 
