1 3126 3177 3177 3147 3178 3184 3139 3118 3117 3123 3119 3119 3165 3129 3156 3184 3137 3136 3138 3137 3171 3147 3179 3186 3103 3143 3147 3153 3191 3158 3191 3198 3092 3129 3129 3121 3164 3138 3194 3191 3096 3104 3127 3124 3170 3127 3172 3175 3074 3071 3108 3122 3151 3107 3177 3161 3100 3114 3147 3122 3160 3120 3167 3168 
2 3153 3200 3200 3167 3194 3205 3141 3115 3135 3140 3133 3127 3177 3132 3164 3182 3169 3166 3173 3160 3180 3160 3175 3179 3102 3139 3148 3145 3186 3153 3191 3195 3105 3145 3148 3130 3170 3142 3186 3181 3100 3106 3134 3124 3166 3126 3173 3173 3076 3090 3117 3127 3151 3115 3179 3163 3106 3121 3152 3125 3165 3130 3175 3167 
3 3122 3168 3171 3136 3166 3177 3141 3121 3121 3125 3125 3120 3166 3131 3150 3176 3135 3128 3138 3132 3166 3141 3173 3183 3090 3126 3136 3136 3175 3146 3184 3193 3102 3140 3146 3130 3169 3142 3195 3194 3095 3097 3126 3116 3160 3121 3172 3178 3072 3084 3110 3125 3147 3107 3176 3163 3089 3096 3137 3117 3155 3121 3167 3167 
4 3156 3201 3195 3170 3200 3206 3161 3129 3145 3148 3142 3144 3191 3151 3157 3171 3161 3158 3157 3150 3180 3154 3179 3181 3116 3150 3154 3154 3192 3159 3182 3184 3103 3140 3140 3128 3175 3148 3203 3191 3101 3106 3128 3121 3168 3124 3178 3172 3079 3094 3116 3131 3155 3117 3185 3161 3117 3127 3152 3129 3167 3129 3173 3158 
5 3135 3185 3183 3146 3183 3186 3134 3110 3112 3119 3110 3112 3167 3121 3159 3185 3147 3144 3147 3144 3174 3144 3174 3181 3090 3127 3133 3134 3186 3146 3187 3196 3101 3143 3143 3131 3171 3138 3183 3179 3094 3101 3122 3116 3169 3117 3176 3178 3076 3091 3111 3126 3157 3106 3170 3156 3089 3103 3132 3118 3163 3119 3166 3164 
6 3157 3206 3203 3170 3200 3205 3143 3119 3131 3135 3131 3134 3178 3140 3161 3184 3160 3156 3161 3157 3175 3154 3180 3183 3099 3138 3144 3145 3184 3150 3191 3196 3104 3146 3147 3137 3174 3145 3192 3187 3087 3094 3119 3111 3160 3116 3180 3181 3073 3091 3115 3128 3151 3113 3183 3165 3096 3110 3140 3121 3160 3124 3171 3165 
7 3125 3171 3169 3139 3161 3170 3140 3118 3124 3126 3122 3122 3167 3130 3155 3179 3137 3132 3139 3137 3164 3142 3174 3182 3091 3128 3134 3139 3184 3147 3192 3196 3094 3130 3134 3125 3170 3144 3198 3192 3100 3103 3127 3124 3165 3122 3170 3171 3072 3082 3109 3125 3151 3109 3175 3160 3095 3106 3140 3123 3162 3123 3171 3165 
8 3126 3175 3179 3143 3174 3183 3134 3113 3111 3115 3115 3115 3161 3124 3156 3177 3145 3136 3148 3145 3166 3143 3171 3180 3096 3129 3142 3142 3186 3152 3192 3195 3096 3131 3138 3126 3165 3138 3194 3190 3091 3092 3127 3115 3166 3116 3175 3177 3076 3086 3112 3126 3156 3112 3175 3161 3137 3152 3183 3157 3195 3157 3199 3186 
9 3158 3204 3204 3173 3196 3207 3150 3123 3131 3136 3135 3130 3177 3140 3167 3190 3161 3158 3164 3155 3174 3154 3173 3179 3101 3136 3147 3145 3188 3154 3192 3196 3096 3137 3142 3128 3163 3138 3186 3181 3089 3094 3127 3116 3161 3118 3174 3173 3077 3091 3121 3133 3156 3116 3183 3164 3097 3109 3143 3122 3162 3129 3174 3165 
10 3124 3171 3171 3144 3173 3187 3146 3119 3121 3125 3124 3124 3169 3136 3151 3170 3140 3133 3142 3139 3174 3154 3181 3187 3097 3133 3143 3148 3184 3154 3191 3196 3096 3133 3138 3127 3172 3147 3196 3187 3098 3101 3125 3124 3165 3125 3168 3167 3079 3091 3118 3135 3158 3121 3185 3165 3094 3107 3141 3122 3163 3129 3170 3165 
