1 3099 3141 3123 3120 3141 3123 3062 3047 3047 3065 3070 3076 3103 3070 3091 3114 3090 3089 3085 3090 3124 3086 3095 3107 3055 3105 3092 3092 3127 3090 3126 3129 3051 3086 3081 3081 3118 3082 3129 3137 3049 3059 3085 3082 3127 3078 3145 3144 3046 3053 3089 3101 3131 3094 3128 3133 3060 3102 3114 3104 3136 3106 3151 3133 
2 3121 3158 3138 3133 3154 3132 3067 3048 3081 3092 3093 3097 3122 3084 3095 3121 3109 3104 3097 3101 3142 3098 3102 3118 3072 3118 3101 3101 3128 3095 3123 3129 3063 3094 3084 3083 3125 3079 3124 3140 3058 3058 3086 3081 3132 3079 3137 3142 3047 3049 3092 3097 3136 3100 3132 3144 3055 3094 3108 3100 3135 3103 3145 3135 
3 3113 3152 3133 3132 3148 3132 3067 3048 3058 3073 3076 3083 3106 3070 3095 3117 3098 3094 3090 3098 3123 3085 3094 3108 3054 3103 3087 3092 3117 3085 3126 3127 3058 3090 3087 3089 3125 3086 3128 3141 3056 3055 3088 3086 3134 3081 3147 3147 3058 3063 3093 3111 3135 3102 3138 3147 3089 3124 3131 3130 3161 3126 3169 3150 
4 3125 3161 3137 3137 3152 3131 3068 3045 3078 3087 3087 3097 3117 3081 3093 3114 3106 3098 3090 3100 3138 3094 3105 3113 3077 3123 3105 3112 3121 3099 3122 3127 3055 3085 3086 3083 3129 3080 3130 3145 3052 3057 3081 3084 3124 3077 3145 3146 3051 3056 3093 3106 3138 3099 3135 3143 3076 3114 3122 3113 3141 3107 3153 3141 
5 3102 3143 3126 3121 3139 3127 3060 3045 3047 3065 3070 3077 3102 3069 3095 3120 3085 3083 3078 3086 3120 3082 3095 3104 3052 3102 3087 3088 3123 3089 3130 3136 3056 3089 3086 3086 3117 3088 3122 3138 3046 3054 3084 3078 3130 3082 3146 3149 3042 3051 3089 3101 3134 3101 3135 3146 3046 3085 3098 3095 3124 3098 3142 3132 
6 3119 3158 3138 3134 3148 3131 3069 3049 3075 3089 3086 3092 3114 3081 3105 3124 3107 3104 3097 3103 3130 3092 3104 3108 3064 3112 3100 3101 3126 3088 3132 3132 3055 3090 3085 3082 3122 3078 3128 3138 3046 3055 3083 3078 3128 3081 3148 3146 3052 3058 3096 3096 3132 3099 3139 3145 3069 3112 3121 3109 3134 3110 3157 3139 
7 3093 3136 3115 3117 3134 3122 3064 3044 3049 3065 3065 3073 3097 3069 3082 3111 3084 3085 3079 3087 3126 3090 3097 3116 3060 3109 3094 3099 3122 3090 3122 3128 3049 3085 3075 3077 3116 3077 3126 3143 3047 3058 3081 3082 3122 3076 3139 3141 3041 3054 3087 3100 3129 3099 3136 3146 3046 3088 3095 3095 3120 3099 3145 3135 
8 3122 3161 3139 3137 3151 3135 3077 3048 3081 3089 3091 3104 3126 3088 3088 3111 3104 3098 3092 3099 3140 3097 3107 3114 3075 3120 3105 3106 3129 3093 3124 3124 3068 3092 3090 3086 3129 3078 3126 3138 3069 3069 3097 3094 3137 3083 3151 3149 3059 3063 3098 3108 3139 3095 3134 3143 3077 3114 3120 3115 3142 3105 3145 3130 
9 3104 3142 3121 3119 3135 3125 3063 3040 3060 3075 3075 3079 3106 3075 3094 3118 3086 3081 3077 3083 3124 3090 3100 3114 3057 3106 3093 3092 3116 3093 3122 3127 3052 3090 3081 3081 3119 3082 3132 3145 3050 3058 3082 3080 3121 3080 3145 3146 3041 3050 3086 3096 3128 3100 3135 3144 3053 3095 3107 3097 3123 3098 3143 3134 
10 3110 3149 3129 3125 3145 3130 3060 3046 3051 3069 3071 3078 3103 3074 3098 3119 3094 3088 3086 3090 3120 3085 3094 3100 3054 3097 3088 3087 3130 3094 3134 3135 3059 3089 3089 3084 3124 3087 3133 3143 3059 3065 3091 3085 3134 3088 3146 3144 3057 3061 3101 3104 3141 3110 3141 3146 3083 3122 3127 3112 3142 3112 3148 3133 
