1 3110 3155 3141 3128 3138 3137 3076 3074 3098 3097 3093 3079 3112 3095 3093 3132 3116 3119 3099 3092 3115 3098 3105 3128 3070 3110 3098 3084 3107 3087 3117 3133 3074 3112 3107 3090 3120 3094 3125 3143 3061 3081 3089 3079 3115 3072 3128 3139 3047 3055 3075 3090 3111 3074 3112 3149 3076 3093 3128 3101 3133 3098 3138 3121 
2 3109 3151 3131 3121 3130 3129 3073 3069 3098 3095 3091 3078 3112 3102 3082 3129 3112 3114 3091 3088 3112 3099 3099 3136 3069 3115 3097 3088 3106 3099 3109 3123 3056 3097 3086 3072 3105 3088 3113 3141 3057 3079 3083 3075 3106 3078 3121 3137 3045 3054 3069 3086 3103 3068 3100 3146 3051 3072 3104 3081 3112 3085 3125 3121 
3 3093 3138 3121 3114 3128 3129 3062 3070 3076 3074 3072 3066 3099 3086 3081 3133 3104 3103 3087 3085 3110 3096 3093 3124 3059 3100 3091 3080 3104 3088 3116 3138 3061 3047 3089 3078 3108 3082 3118 3143 3049 3068 3076 3070 3105 3066 3124 3141 3048 3055 3073 3092 3108 3069 3106 3148 3098 3116 3148 3117 3148 3113 3149 3134 
4 3110 3151 3133 3124 3133 3128 3079 3078 3097 3094 3093 3083 3116 3102 3083 3126 3096 3095 3076 3076 3112 3085 3103 3132 3071 3112 3101 3092 3112 3097 3107 3130 3053 3039 3083 3075 3107 3081 3121 3145 3059 3075 3084 3078 3108 3072 3121 3133 3040 3041 3062 3085 3109 3071 3106 3130 3053 3067 3109 3084 3118 3090 3131 3103 
5 3041 3126 3114 3100 3111 3115 3072 3072 3085 3080 3085 3074 3106 3096 3086 3132 3101 3098 3087 3081 3106 3093 3101 3130 3062 3106 3097 3082 3104 3089 3116 3132 3065 3054 3100 3081 3106 3085 3127 3147 3066 3080 3095 3083 3110 3081 3128 3141 3051 3054 3078 3091 3110 3077 3113 3149 3065 3079 3120 3093 3122 3091 3131 3112 
6 3089 3133 3117 3116 3127 3129 3067 3067 3075 3077 3077 3074 3109 3095 3085 3132 3091 3095 3077 3077 3106 3088 3096 3132 3050 3091 3084 3077 3106 3082 3109 3123 3062 3055 3100 3086 3119 3092 3124 3144 3056 3074 3083 3076 3105 3068 3122 3131 3037 3042 3064 3085 3103 3067 3100 3138 3049 3067 3103 3087 3122 3087 3130 3109 
7 3086 3125 3108 3098 3113 3109 3071 3076 3080 3078 3078 3069 3103 3090 3077 3130 3088 3091 3070 3069 3107 3083 3096 3139 3062 3105 3092 3083 3106 3092 3106 3129 3063 3102 3094 3080 3115 3086 3125 3148 3060 3076 3082 3077 3110 3074 3121 3140 3041 3049 3064 3080 3103 3067 3102 3144 3056 3071 3107 3082 3119 3087 3130 3107 
8 3117 3152 3130 3118 3121 3123 3080 3078 3104 3096 3093 3083 3110 3102 3083 3128 3116 3113 3092 3088 3109 3097 3105 3137 3077 3116 3102 3088 3103 3096 3103 3127 3065 3096 3089 3077 3103 3082 3116 3138 3055 3068 3075 3071 3098 3068 3119 3136 3043 3046 3064 3085 3098 3067 3100 3140 3058 3072 3108 3084 3111 3085 3124 3107 
9 3093 3137 3119 3118 3124 3121 3067 3068 3077 3073 3079 3077 3105 3093 3083 3130 3101 3099 3083 3085 3111 3092 3099 3131 3060 3099 3090 3083 3111 3083 3123 3140 3064 3097 3095 3085 3112 3087 3123 3143 3052 3066 3078 3075 3109 3064 3127 3140 3043 3044 3066 3088 3102 3067 3107 3143 3052 3061 3099 3088 3119 3086 3136 3110 
10 3112 3146 3128 3119 3130 3127 3080 3076 3107 3096 3093 3083 3116 3097 3093 3134 3119 3111 3094 3089 3116 3094 3109 3142 3083 3119 3109 3097 3115 3098 3113 3131 3075 3102 3099 3084 3116 3088 3132 3151 3069 3082 3090 3082 3110 3076 3124 3137 3051 3052 3072 3090 3116 3076 3115 3145 3082 3092 3127 3097 3134 3099 3140 3116 
