1 3392 3435 3424 3377 3357 3412 3337 3315 3345 3337 3369 3373 3345 3381 3377 3397 3369 3341 3390 3377 3343 3358 3356 3391 3324 3335 3384 3345 3326 3361 3379 3389 3338 3365 3356 3338 3329 3328 3382 3412 3304 3346 3347 3337 3317 3324 3363 3398 3301 3293 3380 3336 3324 3323 3362 3411 3270 3310 3364 3310 3286 3306 3344 3375 
2 3426 3465 3447 3398 3372 3423 3341 3317 3348 3340 3366 3356 3328 3358 3360 3378 3388 3360 3408 3385 3356 3368 3367 3401 3348 3359 3407 3362 3342 3376 3389 3402 3352 3382 3367 3345 3335 3335 3385 3412 3314 3352 3357 3339 3316 3312 3366 3393 3319 3306 3389 3342 3326 3321 3363 3405 3286 3332 3384 3322 3294 3308 3345 3371 
3 3396 3441 3424 3386 3375 3427 3347 3319 3337 3335 3366 3360 3335 3369 3378 3398 3363 3341 3390 3381 3343 3356 3355 3395 3327 3342 3390 3348 3336 3364 3383 3395 3338 3364 3357 3334 3326 3326 3377 3407 3305 3347 3348 3328 3311 3316 3358 3388 3308 3302 3385 3337 3326 3316 3354 3402 3275 3321 3374 3319 3297 3315 3352 3382 
4 3389 3436 3425 3381 3357 3414 3346 3316 3336 3332 3362 3361 3335 3372 3375 3394 3373 3338 3385 3385 3340 3354 3354 3391 3329 3342 3390 3354 3334 3370 3390 3399 3337 3371 3355 3342 3330 3328 3388 3418 3300 3342 3344 3333 3313 3313 3371 3401 3299 3298 3379 3333 3331 3327 3368 3412 3269 3316 3369 3314 3291 3317 3358 3386 
5 3424 3460 3440 3390 3368 3418 3343 3314 3360 3346 3372 3365 3335 3361 3350 3369 3390 3364 3410 3375 3354 3362 3361 3392 3359 3365 3409 3361 3344 3373 3389 3395 3366 3384 3375 3346 3338 3334 3388 3413 3326 3355 3365 3342 3317 3312 3357 3378 3326 3315 3389 3341 3322 3311 3346 3381 3301 3327 3379 3323 3301 3317 3354 3374 
6 3388 3431 3420 3378 3354 3406 3342 3318 3347 3343 3373 3366 3341 3374 3383 3406 3375 3343 3391 3382 3343 3357 3356 3395 3343 3356 3406 3363 3344 3377 3393 3405 3335 3362 3354 3337 3323 3325 3382 3413 3304 3348 3347 3341 3321 3323 3378 3408 3299 3293 3379 3336 3321 3315 3360 3403 3271 3316 3371 3307 3282 3305 3343 3374 
7 3396 3440 3424 3383 3369 3422 3345 3321 3344 3337 3371 3368 3342 3376 3374 3398 3372 3342 3394 3382 3342 3353 3360 3391 3330 3341 3392 3347 3339 3363 3376 3391 3339 3369 3357 3337 3325 3324 3382 3412 3307 3349 3350 3336 3317 3325 3370 3399 3299 3293 3379 3337 3326 3320 3366 3409 3271 3314 3370 3307 3288 3313 3353 3384 
8 3420 3457 3443 3389 3366 3415 3343 3311 3351 3341 3366 3358 3328 3357 3359 3378 3398 3369 3416 3396 3365 3374 3375 3409 3358 3369 3414 3366 3346 3377 3388 3399 3356 3386 3369 3352 3338 3338 3394 3419 3328 3359 3367 3346 3318 3314 3363 3386 3329 3322 3389 3351 3327 3318 3356 3387 3292 3327 3380 3323 3296 3309 3342 3362 
9 3395 3440 3433 3383 3361 3416 3340 3319 3338 3330 3360 3370 3344 3374 3368 3394 3384 3358 3408 3394 3355 3364 3370 3398 3345 3354 3401 3353 3340 3366 3379 3390 3358 3379 3370 3349 3339 3334 3388 3415 3349 3378 3378 3355 3334 3338 3383 3407 3351 3335 3411 3362 3346 3340 3381 3415 3315 3353 3404 3339 3311 3330 3369 3390 
10 3400 3446 3430 3381 3366 3420 3340 3314 3340 3329 3361 3353 3342 3366 3383 3405 3374 3341 3392 3384 3342 3354 3360 3391 3332 3343 3395 3347 3337 3363 3377 3388 3333 3378 3353 3349 3340 3338 3385 3415 3294 3337 3345 3335 3317 3310 3373 3402 3288 3292 3371 3330 3323 3319 3358 3403 3270 3313 3368 3308 3283 3304 3344 3373 
