1 3059 3128 3096 3068 3089 3087 3036 3008 3024 3047 3051 3065 3078 3060 3054 3062 3036 3033 3049 3065 3080 3045 3052 3064 3014 3046 3057 3051 3078 3063 3081 3072 3020 3076 3040 3048 3082 3033 3082 3093 3007 3066 3033 3045 3071 3020 3060 3073 2994 3022 3066 3056 3078 3025 3062 3083 2983 3047 3070 3037 3047 3023 3060 3067 
2 3076 3146 3113 3081 3091 3093 3042 3010 3037 3064 3063 3068 3076 3063 3065 3062 3051 3052 3063 3075 3086 3054 3058 3066 3020 3063 3060 3045 3076 3057 3074 3062 3026 3089 3045 3053 3080 3039 3083 3090 2999 3066 3032 3040 3064 3021 3067 3075 2997 3026 3064 3053 3071 3025 3060 3083 3001 3069 3085 3047 3057 3035 3071 3073 
3 3058 3125 3096 3069 3089 3087 3039 3007 3020 3045 3047 3060 3078 3058 3053 3058 3038 3033 3049 3064 3080 3042 3052 3057 3014 3052 3057 3045 3080 3061 3082 3071 3021 3081 3038 3044 3081 3031 3084 3093 3003 3061 3030 3039 3073 3022 3065 3071 2997 3024 3064 3052 3078 3024 3061 3076 2992 3057 3074 3037 3058 3026 3063 3066 
4 3056 3126 3096 3069 3089 3089 3036 3010 3011 3038 3042 3057 3074 3054 3049 3061 3041 3029 3047 3064 3075 3041 3051 3066 3009 3049 3054 3043 3079 3059 3080 3074 3015 3079 3035 3046 3080 3031 3081 3094 2993 3052 3029 3041 3071 3018 3068 3076 2990 3017 3062 3049 3077 3024 3063 3085 2977 3042 3067 3030 3049 3022 3062 3071 
5 3085 3150 3112 3085 3102 3101 3042 3007 3041 3058 3053 3063 3078 3057 3067 3062 3069 3055 3067 3080 3091 3047 3057 3059 3035 3061 3066 3054 3081 3058 3078 3062 3040 3092 3049 3059 3089 3038 3081 3083 3019 3069 3043 3053 3082 3026 3075 3079 3015 3031 3071 3059 3080 3028 3068 3085 3013 3064 3085 3050 3069 3032 3073 3071 
6 3039 3111 3082 3065 3075 3078 3041 3007 3019 3044 3048 3055 3073 3057 3053 3059 3040 3031 3048 3062 3078 3044 3056 3061 3012 3051 3059 3045 3080 3063 3082 3071 3020 3079 3041 3043 3080 3030 3085 3091 3002 3064 3032 3032 3069 3026 3043 3066 2988 3019 3062 3048 3073 3024 3062 3081 2978 3043 3067 3029 3048 3025 3066 3070 
7 3052 3123 3098 3065 3082 3083 3044 3008 3013 3039 3046 3052 3065 3049 3057 3060 3041 3029 3053 3065 3059 3025 3039 3058 3014 3049 3063 3046 3077 3064 3083 3072 3016 3074 3042 3043 3076 3030 3081 3087 2996 3056 3033 3039 3066 3021 3065 3067 2988 3014 3065 3049 3071 3020 3061 3079 2973 3039 3067 3027 3034 3014 3055 3063 
8 3085 3150 3120 3088 3103 3101 3037 3009 3040 3057 3058 3063 3081 3060 3066 3064 3072 3056 3074 3082 3089 3049 3056 3063 3030 3054 3069 3052 3084 3064 3078 3067 3034 3094 3050 3061 3094 3045 3088 3093 3011 3065 3041 3048 3079 3023 3071 3080 3002 3029 3069 3054 3080 3027 3066 3084 3011 3068 3094 3050 3072 3035 3068 3069 
9 3055 3128 3091 3076 3091 3091 3038 3003 3018 3045 3041 3061 3074 3054 3053 3059 3026 3032 3043 3051 3077 3042 3054 3065 3009 3050 3048 3041 3078 3051 3075 3067 3024 3076 3040 3052 3084 3032 3084 3092 3004 3067 3030 3043 3070 3023 3066 3073 3002 3027 3062 3057 3081 3025 3063 3078 3021 3072 3083 3064 3083 3049 3089 3087 
10 3056 3125 3099 3069 3088 3087 3034 3002 2998 3013 3018 3023 3060 3025 3061 3061 3047 3031 3053 3064 3078 3041 3051 3061 3012 3048 3059 3045 3077 3061 3086 3073 3014 3083 3039 3052 3085 3038 3075 3085 2996 3057 3032 3035 3067 3017 3066 3074 2990 3018 3065 3047 3068 3008 3045 3078 2974 3034 3058 3023 3049 3019 3061 3068 
