1 3373 3383 3382 3354 3313 3373 3352 3338 3381 3348 3375 3335 3342 3363 3367 3396 3416 3387 3386 3360 3362 3373 3404 3417 3385 3382 3416 3398 3346 3367 3377 3395 3382 3377 3414 3387 3372 3384 3409 3431 3374 3339 3407 3385 3356 3360 3403 3414 3348 3333 3399 3374 3356 3351 3396 3425 3342 3342 3387 3387 3346 3356 3406 3429 
2 3399 3402 3403 3374 3328 3385 3350 3335 3403 3364 3376 3354 3348 3369 3349 3373 3429 3398 3399 3378 3364 3382 3392 3403 3396 3388 3422 3396 3348 3361 3379 3393 3392 3383 3420 3389 3374 3383 3416 3435 3396 3358 3417 3389 3355 3355 3391 3399 3363 3342 3400 3373 3346 3337 3380 3400 3370 3358 3402 3398 3353 3359 3404 3430 
3 3378 3376 3373 3345 3295 3351 3325 3312 3376 3338 3347 3321 3317 3342 3326 3355 3386 3358 3362 3339 3337 3356 3379 3390 3366 3355 3396 3373 3326 3348 3349 3369 3360 3348 3388 3354 3341 3350 3387 3410 3362 3329 3393 3368 3339 3343 3384 3398 3331 3315 3380 3359 3336 3333 3383 3408 3352 3339 3382 3376 3331 3344 3393 3422 
4 3375 3387 3389 3359 3324 3389 3335 3331 3381 3349 3376 3335 3336 3352 3358 3390 3421 3392 3391 3372 3363 3386 3398 3403 3386 3382 3420 3402 3350 3368 3380 3396 3375 3369 3411 3385 3372 3385 3401 3424 3381 3352 3415 3395 3364 3366 3396 3409 3354 3338 3399 3368 3345 3338 3384 3410 3363 3352 3390 3392 3347 3356 3400 3424 
5 3389 3393 3394 3359 3319 3376 3343 3330 3391 3350 3366 3335 3332 3353 3337 3366 3423 3395 3394 3371 3363 3383 3397 3403 3384 3380 3420 3399 3351 3368 3374 3390 3377 3369 3404 3379 3363 3374 3403 3425 3374 3336 3415 3371 3347 3345 3402 3414 3362 3342 3405 3377 3355 3346 3386 3413 3364 3353 3404 3412 3370 3377 3426 3450 
6 3384 3390 3390 3361 3325 3386 3339 3336 3381 3350 3376 3337 3341 3356 3363 3393 3431 3399 3396 3378 3372 3392 3405 3415 3386 3380 3419 3404 3355 3371 3382 3400 3372 3365 3405 3377 3368 3379 3395 3419 3373 3340 3404 3391 3362 3365 3403 3414 3346 3329 3396 3374 3356 3348 3400 3425 3342 3335 3383 3391 3349 3359 3412 3440 
7 3398 3402 3400 3366 3325 3379 3338 3324 3391 3350 3373 3333 3329 3349 3348 3374 3413 3381 3380 3356 3355 3365 3388 3393 3392 3382 3415 3398 3340 3363 3361 3378 3384 3377 3414 3385 3372 3381 3410 3429 3388 3357 3412 3391 3360 3359 3400 3407 3362 3339 3397 3367 3354 3342 3401 3418 3374 3364 3401 3393 3349 3354 3402 3427 
8 3374 3380 3380 3347 3317 3385 3352 3343 3377 3348 3377 3337 3339 3359 3361 3391 3418 3390 3388 3374 3369 3394 3404 3400 3379 3370 3410 3395 3347 3365 3371 3384 3369 3362 3402 3372 3364 3378 3401 3423 3369 3340 3413 3384 3355 3361 3397 3411 3341 3321 3388 3355 3349 3345 3401 3426 3345 3346 3393 3388 3345 3359 3410 3437 
9 3397 3400 3401 3370 3328 3385 3330 3321 3390 3358 3387 3343 3340 3344 3355 3382 3413 3382 3383 3357 3365 3375 3399 3404 3391 3379 3415 3395 3351 3358 3374 3388 3390 3380 3419 3392 3379 3388 3402 3421 3396 3360 3417 3394 3360 3357 3384 3392 3363 3342 3402 3374 3352 3340 3394 3412 3374 3365 3403 3387 3347 3352 3400 3424 
10 3372 3378 3379 3353 3318 3381 3350 3341 3391 3355 3364 3346 3343 3369 3351 3384 3397 3373 3372 3354 3354 3375 3395 3404 3383 3373 3410 3409 3354 3367 3368 3385 3373 3366 3406 3374 3363 3374 3412 3435 3372 3343 3413 3378 3348 3351 3395 3409 3346 3328 3392 3372 3349 3343 3401 3426 3339 3336 3382 3381 3336 3349 3401 3433 
