1 3380 3394 3402 3367 3329 3386 3336 3358 3362 3333 3356 3319 3311 3352 3358 3424 3375 3357 3361 3342 3327 3369 3378 3423 3360 3339 3364 3347 3329 3347 3395 3448 3332 3332 3355 3338 3325 3352 3403 3440 3340 3294 3361 3318 3306 3333 3406 3449 3312 3288 3348 3348 3321 3340 3401 3440 3306 3302 3351 3353 3316 3353 3396 3439 
2 3350 3370 3383 3357 3326 3388 3327 3353 3375 3344 3348 3328 3325 3370 3354 3414 3380 3350 3370 3330 3332 3369 3399 3441 3376 3356 3382 3363 3348 3366 3396 3445 3346 3342 3360 3342 3329 3349 3407 3441 3344 3294 3357 3314 3300 3324 3393 3433 3319 3294 3334 3349 3314 3330 3388 3422 3319 3325 3372 3351 3316 3351 3396 3436 
3 3386 3398 3405 3366 3328 3381 3347 3362 3389 3358 3358 3346 3339 3379 3364 3409 3393 3373 3374 3354 3339 3374 3385 3425 3370 3349 3374 3351 3334 3350 3401 3450 3362 3360 3379 3361 3343 3359 3422 3455 3358 3315 3372 3325 3308 3328 3399 3436 3340 3318 3361 3371 3333 3336 3394 3425 3334 3325 3370 3359 3321 3349 3392 3430 
4 3374 3393 3403 3370 3333 3392 3337 3359 3373 3343 3358 3328 3320 3365 3358 3422 3386 3365 3366 3346 3330 3367 3386 3424 3363 3343 3369 3347 3331 3350 3401 3453 3347 3345 3365 3354 3338 3357 3416 3452 3339 3299 3358 3335 3321 3347 3401 3445 3306 3289 3339 3354 3316 3327 3386 3425 3295 3303 3355 3363 3327 3365 3409 3446 
5 3378 3393 3402 3367 3332 3389 3331 3351 3371 3340 3364 3326 3319 3362 3354 3417 3400 3374 3374 3353 3335 3367 3385 3423 3368 3351 3378 3360 3345 3364 3386 3438 3345 3340 3358 3346 3330 3348 3412 3448 3362 3318 3372 3344 3326 3349 3395 3438 3336 3314 3361 3368 3329 3339 3398 3432 3338 3324 3369 3372 3337 3370 3410 3446 
6 3385 3399 3408 3372 3335 3391 3340 3360 3379 3349 3353 3332 3326 3368 3352 3415 3382 3358 3364 3348 3332 3369 3389 3410 3356 3338 3369 3345 3332 3350 3397 3447 3345 3343 3365 3348 3336 3357 3415 3450 3350 3275 3363 3332 3318 3341 3404 3444 3314 3295 3342 3361 3323 3339 3401 3436 3310 3291 3357 3364 3328 3363 3409 3449 
7 3367 3387 3400 3370 3336 3398 3336 3356 3377 3346 3362 3335 3331 3376 3362 3427 3385 3362 3365 3342 3327 3364 3389 3433 3367 3350 3384 3355 3341 3361 3404 3452 3359 3355 3376 3362 3346 3366 3411 3446 3366 3320 3373 3340 3322 3344 3404 3443 3323 3302 3355 3358 3328 3341 3398 3431 3315 3319 3370 3363 3327 3361 3404 3442 
8 3383 3398 3407 3374 3338 3397 3337 3358 3377 3344 3361 3326 3318 3360 3356 3422 3378 3356 3360 3339 3324 3363 3378 3427 3365 3344 3370 3350 3334 3352 3388 3442 3338 3337 3360 3345 3333 3358 3403 3441 3343 3301 3366 3330 3315 3340 3407 3453 3313 3291 3349 3368 3330 3339 3399 3438 3300 3308 3360 3344 3312 3351 3392 3434 
9 3360 3376 3385 3349 3310 3370 3341 3361 3373 3346 3361 3330 3326 3369 3361 3423 3367 3350 3354 3334 3322 3362 3390 3436 3361 3345 3372 3351 3336 3354 3386 3436 3343 3342 3361 3344 3329 3348 3406 3442 3343 3303 3354 3330 3315 3339 3393 3433 3313 3291 3341 3350 3319 3334 3394 3428 3313 3328 3379 3356 3321 3356 3405 3445 
10 3372 3384 3395 3358 3323 3381 3342 3363 3382 3351 3356 3332 3325 3368 3354 3417 3376 3358 3365 3340 3325 3365 3384 3431 3360 3347 3378 3355 3341 3363 3387 3438 3338 3338 3363 3344 3330 3354 3413 3449 3350 3308 3361 3337 3321 3347 3395 3439 3315 3295 3340 3360 3320 3327 3383 3418 3312 3296 3358 3355 3318 3353 3400 3443 
