1 3459 3396 3468 3440 3395 3451 3392 3416 3420 3383 3413 3376 3364 3391 3412 3469 3443 3391 3412 3388 3370 3403 3432 3481 3420 3413 3434 3404 3366 3384 3446 3501 3403 3396 3428 3415 3395 3405 3445 3494 3405 3379 3420 3397 3368 3379 3430 3459 3393 3354 3411 3394 3386 3383 3435 3452 3374 3365 3405 3386 3341 3347 3391 3422 
2 3422 3371 3441 3416 3374 3444 3393 3419 3443 3413 3431 3413 3404 3436 3412 3469 3413 3371 3397 3375 3361 3404 3442 3497 3418 3413 3420 3407 3365 3387 3427 3482 3397 3404 3427 3423 3400 3415 3439 3488 3387 3368 3412 3401 3372 3392 3440 3466 3372 3338 3401 3375 3372 3382 3429 3450 3334 3338 3388 3372 3332 3346 3390 3418 
3 3438 3375 3454 3426 3382 3446 3396 3424 3422 3394 3424 3393 3386 3417 3425 3482 3431 3383 3407 3381 3366 3406 3433 3484 3416 3411 3429 3405 3366 3387 3440 3495 3385 3391 3419 3413 3394 3407 3445 3494 3380 3359 3411 3388 3366 3384 3447 3476 3373 3340 3403 3372 3369 3386 3440 3459 3345 3342 3393 3371 3333 3345 3402 3430 
4 3457 3391 3466 3439 3392 3453 3393 3413 3428 3394 3419 3398 3384 3414 3412 3472 3441 3391 3415 3393 3376 3418 3442 3496 3425 3416 3426 3409 3366 3388 3439 3497 3388 3388 3418 3403 3383 3396 3438 3489 3391 3371 3416 3394 3365 3384 3442 3472 3377 3343 3406 3379 3362 3379 3425 3446 3363 3360 3406 3383 3335 3348 3394 3426 
5 3434 3379 3453 3427 3385 3453 3391 3416 3430 3399 3423 3394 3385 3417 3423 3479 3431 3385 3408 3384 3369 3410 3438 3486 3416 3410 3426 3402 3361 3382 3432 3486 3388 3394 3417 3425 3401 3416 3435 3483 3394 3379 3425 3409 3382 3401 3452 3475 3371 3344 3409 3387 3375 3388 3424 3447 3344 3346 3396 3374 3330 3345 3395 3426 
6 3450 3395 3460 3430 3384 3442 3388 3414 3440 3403 3418 3399 3386 3414 3402 3459 3428 3383 3402 3368 3358 3398 3434 3483 3439 3434 3439 3420 3380 3397 3435 3488 3403 3406 3431 3423 3402 3413 3450 3497 3409 3392 3429 3417 3386 3399 3426 3453 3404 3373 3425 3399 3391 3386 3430 3447 3380 3375 3412 3389 3340 3347 3382 3412 
7 3419 3368 3441 3415 3373 3443 3385 3419 3430 3397 3417 3395 3385 3416 3404 3464 3418 3372 3399 3384 3367 3409 3434 3491 3419 3414 3431 3402 3361 3383 3439 3495 3387 3393 3420 3414 3391 3406 3448 3498 3381 3365 3412 3394 3367 3387 3443 3470 3376 3346 3411 3379 3376 3396 3447 3465 3349 3349 3401 3377 3332 3346 3398 3432 
8 3463 3457 3473 3445 3399 3458 3392 3403 3434 3397 3415 3387 3373 3400 3413 3468 3437 3390 3408 3387 3369 3406 3433 3480 3424 3414 3434 3402 3359 3376 3427 3480 3399 3403 3425 3422 3400 3412 3443 3491 3404 3385 3425 3403 3373 3387 3446 3469 3399 3365 3421 3392 3382 3381 3427 3444 3387 3377 3415 3388 3340 3344 3398 3425 
9 3449 3445 3461 3428 3381 3443 3391 3415 3436 3404 3420 3396 3385 3416 3407 3463 3419 3368 3393 3363 3353 3403 3442 3497 3415 3411 3430 3404 3363 3389 3438 3493 3399 3405 3427 3423 3398 3413 3451 3498 3388 3371 3414 3397 3367 3385 3424 3455 3365 3332 3394 3360 3372 3393 3445 3460 3348 3348 3399 3379 3334 3349 3400 3431 
10 3428 3431 3450 3425 3383 3452 3390 3414 3430 3401 3419 3393 3384 3415 3407 3466 3426 3379 3401 3376 3361 3401 3436 3490 3426 3421 3432 3410 3369 3390 3438 3494 3387 3392 3420 3407 3382 3395 3449 3497 3402 3384 3427 3407 3378 3394 3442 3466 3381 3352 3415 3388 3384 3394 3443 3459 3361 3357 3405 3382 3337 3348 3407 3436 
