1 3428 3439 3439 3418 3389 3443 3401 3423 3436 3414 3457 3401 3410 3424 3476 3530 3460 3422 3453 3431 3423 3451 3483 3537 3453 3425 3445 3425 3432 3437 3480 3534 3419 3416 3433 3413 3413 3442 3496 3535 3414 3376 3445 3413 3410 3432 3479 3529 3397 3358 3414 3407 3394 3406 3441 3497 3352 3351 3415 3406 3376 3389 3439 3505 
2 3459 3464 3462 3439 3398 3444 3402 3421 3439 3408 3448 3402 3394 3420 3449 3502 3470 3428 3457 3423 3416 3437 3471 3521 3460 3432 3450 3420 3436 3440 3486 3536 3443 3425 3451 3430 3428 3455 3505 3541 3445 3399 3453 3416 3406 3427 3466 3509 3429 3387 3436 3418 3404 3415 3453 3502 3383 3369 3415 3420 3391 3391 3439 3497 
3 3430 3443 3445 3429 3396 3447 3407 3424 3432 3408 3452 3399 3403 3426 3464 3516 3470 3430 3449 3426 3425 3452 3487 3540 3454 3426 3450 3435 3438 3439 3488 3540 3427 3412 3443 3420 3422 3451 3507 3543 3430 3384 3445 3413 3407 3434 3479 3526 3404 3364 3414 3415 3401 3413 3459 3512 3348 3335 3400 3417 3386 3397 3449 3511 
4 3450 3454 3459 3433 3398 3444 3402 3421 3437 3410 3452 3409 3403 3429 3465 3517 3483 3440 3477 3428 3441 3461 3494 3539 3464 3434 3457 3433 3440 3443 3490 3538 3444 3425 3453 3431 3431 3457 3509 3543 3447 3397 3450 3416 3403 3425 3468 3510 3437 3390 3442 3424 3409 3421 3459 3504 3396 3379 3428 3416 3386 3385 3431 3487 
5 3426 3436 3445 3426 3394 3451 3399 3416 3433 3412 3457 3405 3408 3429 3474 3525 3454 3419 3454 3418 3421 3448 3487 3535 3446 3418 3446 3423 3431 3436 3483 3533 3429 3421 3444 3424 3424 3455 3508 3542 3431 3387 3443 3418 3404 3435 3478 3525 3397 3360 3420 3412 3398 3412 3453 3508 3360 3356 3418 3410 3377 3386 3436 3495 
6 3421 3436 3440 3421 3389 3443 3414 3430 3437 3398 3436 3409 3393 3436 3457 3510 3460 3422 3458 3411 3429 3456 3491 3540 3451 3424 3450 3432 3437 3443 3484 3534 3422 3415 3433 3413 3411 3441 3493 3529 3430 3380 3443 3420 3409 3440 3482 3528 3404 3361 3410 3411 3390 3403 3442 3491 3361 3350 3408 3406 3372 3384 3431 3492 
7 3463 3468 3465 3447 3407 3456 3407 3423 3440 3404 3444 3405 3391 3426 3449 3499 3462 3423 3440 3415 3409 3433 3466 3517 3458 3430 3451 3430 3432 3436 3482 3533 3427 3418 3435 3409 3409 3438 3489 3525 3439 3389 3450 3422 3415 3444 3488 3532 3410 3369 3420 3411 3389 3401 3442 3491 3370 3352 3403 3420 3388 3394 3446 3503 
8 3397 3408 3417 3396 3367 3423 3388 3410 3426 3380 3419 3393 3377 3421 3431 3488 3439 3401 3431 3403 3405 3432 3469 3523 3434 3404 3426 3403 3409 3416 3455 3509 3409 3389 3417 3392 3394 3425 3473 3512 3418 3368 3421 3392 3380 3408 3445 3493 3396 3352 3398 3404 3380 3390 3430 3484 3352 3342 3400 3411 3379 3390 3439 3500 
9 3446 3453 3456 3431 3395 3442 3395 3413 3446 3401 3441 3422 3402 3440 3446 3494 3469 3428 3450 3420 3412 3434 3470 3515 3449 3425 3442 3420 3437 3440 3489 3539 3421 3413 3429 3412 3412 3440 3501 3534 3438 3394 3453 3420 3412 3436 3480 3523 3417 3372 3417 3427 3400 3405 3445 3492 3376 3365 3418 3427 3393 3396 3445 3501 
10 3431 3446 3449 3438 3406 3462 3402 3424 3427 3405 3447 3395 3404 3427 3474 3528 3455 3425 3451 3426 3418 3453 3477 3528 3442 3418 3442 3419 3432 3436 3484 3538 3421 3412 3434 3407 3410 3439 3490 3528 3444 3398 3443 3421 3405 3436 3480 3531 3388 3354 3419 3398 3399 3414 3459 3516 3363 3354 3410 3407 3376 3386 3437 3499 
