1 3440 3445 3466 3449 3410 3466 3398 3416 3434 3411 3425 3408 3390 3433 3427 3496 3459 3432 3443 3419 3392 3415 3433 3481 3449 3436 3457 3434 3400 3427 3449 3498 3441 3430 3449 3444 3428 3444 3441 3496 3409 3356 3409 3396 3391 3425 3469 3514 3385 3348 3406 3392 3380 3399 3418 3487 3365 3346 3394 3381 3367 3393 3445 3479 
2 3480 3476 3491 3472 3430 3474 3404 3419 3451 3416 3430 3424 3403 3439 3417 3470 3481 3453 3465 3435 3407 3426 3431 3482 3469 3455 3478 3447 3414 3440 3455 3501 3461 3447 3465 3447 3430 3442 3465 3516 3439 3387 3431 3410 3401 3424 3465 3505 3417 3375 3425 3409 3393 3403 3431 3489 3393 3366 3407 3393 3377 3391 3436 3477 
3 3467 3463 3481 3451 3411 3457 3394 3425 3460 3429 3444 3422 3402 3443 3417 3479 3468 3439 3453 3422 3395 3417 3426 3478 3458 3443 3467 3454 3420 3449 3455 3503 3438 3425 3447 3427 3414 3429 3445 3497 3418 3366 3418 3402 3397 3428 3470 3513 3400 3356 3410 3391 3379 3394 3436 3500 3391 3357 3402 3380 3358 3379 3434 3479 
4 3439 3442 3466 3459 3415 3462 3393 3426 3454 3428 3444 3425 3406 3449 3421 3482 3465 3439 3456 3427 3399 3421 3441 3491 3457 3441 3471 3442 3410 3440 3451 3501 3436 3423 3445 3430 3414 3430 3454 3507 3405 3355 3413 3393 3388 3423 3471 3515 3382 3346 3406 3392 3380 3400 3432 3499 3367 3338 3386 3367 3354 3380 3433 3480 
5 3469 3460 3477 3445 3400 3440 3389 3424 3467 3434 3447 3424 3401 3438 3409 3467 3469 3435 3448 3421 3389 3409 3420 3473 3464 3447 3471 3444 3409 3435 3433 3482 3445 3430 3450 3430 3415 3428 3445 3498 3437 3381 3432 3416 3407 3435 3468 3510 3398 3353 3407 3389 3376 3390 3433 3495 3391 3356 3399 3384 3372 3389 3436 3472 
6 3441 3441 3461 3438 3396 3441 3393 3429 3457 3430 3444 3436 3414 3449 3422 3486 3467 3441 3454 3430 3402 3423 3435 3486 3464 3452 3477 3458 3424 3452 3444 3490 3444 3433 3453 3444 3428 3442 3441 3493 3423 3371 3423 3411 3404 3435 3456 3499 3383 3348 3407 3395 3384 3404 3438 3506 3363 3342 3392 3382 3377 3402 3450 3481 
7 3481 3477 3492 3462 3417 3461 3389 3416 3459 3424 3440 3416 3389 3423 3419 3479 3475 3446 3456 3425 3393 3411 3419 3468 3469 3454 3476 3444 3409 3433 3458 3503 3458 3442 3458 3440 3421 3432 3455 3503 3445 3390 3433 3421 3406 3431 3457 3496 3414 3370 3417 3399 3383 3394 3435 3493 3405 3376 3417 3403 3373 3388 3432 3472 
8 3449 3449 3472 3452 3412 3466 3398 3425 3457 3424 3441 3422 3403 3444 3420 3488 3483 3452 3465 3437 3408 3427 3436 3479 3461 3443 3467 3439 3404 3430 3447 3498 3434 3417 3441 3422 3411 3424 3455 3508 3428 3372 3424 3412 3404 3436 3469 3513 3393 3349 3408 3396 3386 3403 3432 3500 3369 3340 3389 3395 3388 3412 3462 3502 
9 3459 3457 3475 3450 3408 3456 3389 3417 3455 3422 3437 3418 3398 3438 3423 3490 3478 3448 3458 3432 3402 3424 3436 3474 3458 3445 3469 3443 3409 3440 3453 3500 3436 3425 3446 3424 3413 3427 3452 3504 3433 3378 3427 3415 3407 3437 3466 3507 3403 3362 3414 3403 3393 3410 3436 3502 3368 3341 3384 3375 3372 3395 3442 3473 
10 3453 3447 3464 3435 3394 3442 3373 3405 3438 3402 3416 3396 3375 3413 3388 3454 3437 3402 3413 3401 3373 3395 3408 3448 3441 3423 3444 3414 3380 3408 3413 3466 3411 3396 3419 3399 3388 3404 3431 3486 3400 3346 3396 3378 3375 3409 3440 3486 3356 3318 3378 3356 3346 3368 3419 3487 3360 3330 3375 3358 3347 3372 3419 3461 
