1 3399 3421 3434 3402 3370 3421 3381 3383 3421 3381 3405 3382 3377 3419 3409 3474 3432 3390 3405 3374 3381 3418 3436 3476 3393 3385 3419 3380 3379 3414 3451 3477 3381 3372 3411 3361 3364 3403 3450 3474 3365 3345 3389 3363 3354 3379 3444 3449 3342 3318 3381 3384 3351 3358 3414 3449 3315 3314 3371 3379 3365 3381 3431 3464 
2 3407 3425 3434 3402 3370 3415 3376 3375 3408 3370 3400 3369 3363 3403 3414 3480 3426 3385 3399 3367 3381 3409 3436 3475 3404 3392 3423 3391 3383 3417 3452 3479 3381 3377 3417 3368 3373 3409 3453 3476 3367 3348 3391 3361 3349 3372 3430 3439 3354 3329 3378 3380 3351 3353 3412 3444 3330 3326 3374 3368 3355 3364 3413 3442 
3 3435 3447 3455 3413 3379 3421 3372 3370 3414 3371 3394 3358 3352 3390 3401 3467 3447 3397 3409 3372 3388 3410 3443 3476 3399 3386 3417 3375 3372 3406 3447 3474 3380 3375 3415 3368 3374 3411 3451 3473 3368 3347 3394 3359 3354 3372 3438 3443 3353 3324 3389 3375 3352 3353 3415 3446 3351 3339 3394 3382 3364 3372 3417 3448 
4 3402 3422 3433 3399 3366 3413 3387 3388 3426 3385 3408 3383 3377 3416 3408 3473 3440 3392 3405 3372 3384 3411 3442 3474 3404 3393 3426 3387 3379 3412 3447 3473 3380 3370 3414 3359 3361 3399 3446 3468 3369 3351 3395 3369 3358 3382 3443 3451 3340 3315 3378 3367 3351 3356 3421 3455 3319 3319 3371 3366 3351 3365 3415 3449 
5 3439 3454 3460 3426 3390 3436 3381 3377 3437 3392 3413 3391 3383 3422 3411 3475 3453 3408 3419 3381 3388 3420 3440 3473 3395 3382 3415 3374 3387 3420 3462 3486 3387 3378 3417 3368 3370 3409 3451 3472 3372 3346 3398 3354 3352 3371 3438 3444 3359 3332 3378 3379 3347 3350 3411 3440 3335 3332 3376 3382 3366 3377 3427 3455 
6 3416 3436 3451 3423 3391 3442 3385 3379 3422 3381 3406 3378 3374 3414 3414 3480 3436 3382 3405 3367 3389 3414 3447 3482 3392 3384 3420 3380 3383 3418 3456 3484 3382 3371 3412 3358 3363 3401 3448 3471 3368 3348 3384 3362 3351 3377 3436 3441 3345 3323 3385 3379 3355 3362 3425 3459 3324 3327 3373 3369 3357 3369 3418 3448 
7 3449 3459 3464 3424 3388 3432 3378 3372 3431 3385 3404 3378 3369 3404 3398 3459 3456 3399 3417 3375 3393 3411 3441 3469 3413 3400 3429 3390 3391 3421 3460 3481 3397 3380 3426 3366 3369 3404 3447 3467 3385 3354 3402 3362 3348 3363 3426 3427 3373 3345 3390 3386 3350 3348 3402 3430 3345 3337 3383 3372 3354 3362 3407 3438 
8 3402 3423 3435 3399 3368 3417 3375 3375 3432 3391 3412 3386 3382 3421 3408 3475 3437 3384 3407 3368 3391 3415 3447 3481 3396 3389 3422 3383 3380 3415 3452 3480 3372 3361 3417 3356 3359 3404 3450 3475 3355 3339 3384 3352 3344 3368 3434 3442 3332 3307 3383 3361 3357 3364 3426 3462 3318 3315 3371 3366 3352 3367 3416 3449 
9 3410 3430 3439 3409 3372 3420 3387 3386 3430 3391 3410 3387 3380 3420 3408 3474 3442 3390 3413 3374 3394 3417 3448 3480 3411 3400 3426 3385 3381 3413 3454 3479 3392 3383 3424 3375 3375 3415 3465 3485 3396 3370 3412 3377 3363 3375 3441 3445 3380 3351 3402 3391 3364 3362 3425 3452 3358 3353 3391 3382 3367 3374 3425 3452 
10 3443 3455 3462 3423 3384 3428 3373 3376 3423 3381 3401 3379 3373 3411 3397 3463 3445 3391 3405 3380 3385 3419 3429 3470 3396 3385 3417 3378 3388 3422 3460 3486 3382 3375 3415 3366 3371 3409 3446 3470 3365 3343 3386 3349 3346 3368 3436 3440 3349 3325 3366 3375 3341 3344 3404 3439 3329 3331 3371 3364 3351 3362 3408 3436 
