1 3023 3070 3066 3063 3042 3051 3031 3017 3033 3045 3046 3029 3057 3050 3051 3075 3032 3053 3039 3036 3068 3054 3083 3096 3021 3056 3060 3048 3069 3056 3085 3092 3015 3051 3053 3052 3079 3051 3092 3096 3021 3034 3045 3039 3065 3026 3079 3086 2997 3014 3039 3044 3069 3025 3067 3076 2999 3027 3049 3055 3075 3041 3084 3089 
2 3055 3103 3091 3088 3067 3073 3039 3015 3046 3057 3055 3037 3064 3051 3060 3078 3054 3071 3055 3052 3078 3065 3060 3084 3023 3057 3063 3049 3071 3054 3086 3089 3014 3052 3053 3057 3082 3051 3086 3089 3013 3029 3041 3038 3068 3029 3082 3086 2998 3014 3040 3048 3071 3019 3059 3067 2996 3026 3046 3055 3079 3041 3084 3082 
3 3026 3074 3069 3066 3041 3053 3038 3012 3031 3041 3045 3025 3051 3043 3050 3068 3023 3042 3032 3027 3065 3049 3087 3097 3014 3044 3054 3039 3061 3049 3081 3087 3011 3045 3046 3045 3069 3041 3096 3097 3016 3028 3041 3032 3057 3022 3082 3087 2993 3006 3032 3039 3065 3022 3071 3076 2984 3009 3034 3039 3061 3028 3077 3082 
4 3021 3064 3055 3049 3041 3036 3046 3022 3057 3065 3064 3047 3071 3059 3055 3076 3051 3063 3051 3046 3081 3058 3090 3096 3036 3064 3072 3059 3075 3059 3080 3084 3019 3046 3052 3048 3076 3047 3094 3095 3027 3035 3049 3045 3072 3031 3083 3089 2996 3008 3040 3042 3079 3028 3073 3080 3019 3038 3061 3066 3086 3048 3093 3089 
5 3026 3077 3069 3064 3044 3056 3029 3010 3029 3042 3045 3030 3057 3053 3055 3080 3034 3054 3043 3038 3066 3059 3077 3091 3002 3036 3039 3027 3060 3041 3084 3091 3017 3055 3054 3054 3076 3050 3086 3090 3019 3033 3042 3036 3062 3026 3076 3084 3002 3017 3041 3045 3065 3023 3063 3071 2982 3010 3035 3050 3071 3039 3084 3086 
6 3032 3077 3070 3075 3053 3066 3039 3019 3034 3040 3042 3027 3052 3046 3052 3077 3033 3049 3036 3038 3070 3058 3084 3096 3003 3030 3032 3024 3060 3042 3084 3091 3015 3046 3047 3052 3076 3051 3086 3090 3017 3028 3039 3037 3066 3030 3082 3089 3005 3017 3040 3052 3069 3022 3067 3074 3000 3025 3045 3061 3080 3045 3089 3088 
7 3037 3084 3077 3077 3057 3066 3031 3018 3028 3037 3039 3027 3055 3049 3054 3082 3034 3053 3041 3041 3069 3061 3065 3090 3020 3053 3058 3048 3069 3053 3093 3101 3015 3048 3050 3050 3073 3045 3090 3094 3018 3029 3040 3037 3063 3026 3079 3087 3003 3013 3040 3049 3067 3019 3063 3072 2995 3022 3044 3039 3062 3028 3073 3080 
8 3025 3069 3064 3063 3044 3048 3036 3020 3033 3042 3045 3029 3058 3046 3054 3082 3028 3046 3033 3036 3068 3053 3078 3096 3016 3046 3051 3042 3065 3047 3085 3096 3003 3031 3037 3039 3069 3037 3088 3094 3022 3033 3043 3044 3070 3029 3081 3091 3002 3012 3040 3049 3078 3024 3070 3082 3018 3037 3058 3063 3084 3046 3089 3089 
9 3055 3100 3083 3082 3063 3063 3024 3012 3054 3063 3057 3041 3067 3054 3053 3069 3048 3063 3044 3045 3079 3058 3082 3092 3025 3054 3054 3045 3068 3049 3085 3091 3019 3051 3038 3054 3078 3049 3085 3088 3023 3038 3042 3042 3069 3028 3077 3083 2994 3003 3031 3019 3073 3022 3064 3072 3013 3039 3057 3062 3084 3045 3089 3086 
10 3021 3070 3065 3064 3045 3053 3029 3015 3031 3044 3046 3031 3060 3052 3040 3073 3021 3041 3033 3030 3069 3052 3079 3099 3022 3055 3063 3050 3070 3055 3082 3094 3008 3043 3033 3048 3075 3046 3088 3099 3016 3030 3043 3036 3065 3024 3076 3089 2986 3003 3029 3038 3068 3021 3061 3075 2980 3009 3037 3047 3069 3033 3078 3088 
