1 3122 3172 3152 3137 3144 3152 3094 3090 3126 3132 3120 3118 3150 3130 3141 3162 3155 3154 3147 3141 3174 3134 3135 3170 3092 3135 3141 3127 3163 3133 3157 3167 3098 3133 3131 3127 3156 3125 3147 3160 3089 3093 3113 3116 3149 3095 3145 3165 3080 3084 3108 3118 3144 3082 3121 3143 3068 3093 3116 3114 3132 3102 3142 3147 
2 3085 3148 3127 3116 3121 3139 3077 3088 3104 3121 3106 3108 3137 3129 3136 3167 3130 3141 3136 3129 3164 3129 3131 3174 3073 3122 3133 3122 3151 3131 3159 3177 3087 3129 3128 3124 3152 3130 3154 3169 3089 3100 3119 3125 3150 3104 3145 3167 3064 3074 3096 3109 3128 3088 3122 3145 3040 3077 3100 3106 3125 3101 3141 3157 
3 3086 3145 3126 3115 3120 3133 3091 3089 3112 3126 3112 3113 3145 3132 3137 3161 3100 3108 3104 3097 3162 3123 3128 3173 3078 3126 3133 3125 3160 3133 3157 3173 3089 3128 3125 3128 3156 3132 3161 3173 3093 3101 3119 3127 3154 3100 3147 3165 3076 3083 3104 3117 3136 3089 3130 3148 3069 3091 3114 3127 3153 3120 3160 3163 
4 3113 3167 3145 3130 3136 3146 3088 3087 3126 3136 3120 3120 3149 3136 3137 3159 3128 3136 3125 3121 3167 3129 3126 3171 3088 3136 3139 3128 3162 3137 3151 3169 3083 3124 3118 3118 3150 3126 3154 3169 3091 3100 3119 3122 3150 3100 3131 3157 3072 3083 3104 3115 3138 3087 3121 3143 3050 3087 3114 3108 3125 3097 3138 3148 
5 3091 3147 3133 3125 3130 3145 3087 3088 3115 3123 3114 3117 3149 3134 3137 3165 3113 3118 3115 3112 3164 3122 3126 3175 3070 3107 3121 3105 3142 3119 3156 3170 3093 3130 3131 3130 3158 3133 3160 3173 3090 3095 3120 3123 3151 3105 3141 3165 3080 3085 3110 3121 3139 3091 3129 3149 3079 3105 3134 3122 3136 3103 3142 3149 
6 3117 3173 3150 3134 3140 3143 3096 3093 3133 3145 3126 3123 3151 3133 3135 3157 3138 3145 3135 3127 3176 3129 3129 3172 3082 3135 3138 3121 3154 3125 3154 3168 3089 3133 3127 3125 3152 3124 3150 3166 3090 3100 3120 3123 3153 3106 3139 3161 3078 3089 3110 3120 3142 3087 3124 3147 3071 3106 3131 3120 3133 3098 3136 3148 
7 3096 3153 3133 3122 3125 3142 3082 3085 3098 3109 3096 3097 3129 3117 3136 3164 3134 3141 3133 3131 3162 3130 3132 3173 3078 3124 3131 3123 3155 3130 3160 3173 3090 3129 3123 3126 3149 3126 3151 3168 3083 3089 3109 3118 3145 3102 3145 3167 3076 3084 3104 3117 3136 3078 3114 3144 3056 3088 3114 3108 3125 3095 3138 3154 
8 3119 3165 3145 3131 3137 3148 3105 3099 3131 3132 3118 3123 3151 3138 3139 3160 3149 3147 3139 3133 3175 3136 3134 3172 3100 3139 3146 3135 3165 3141 3156 3165 3090 3119 3115 3116 3147 3122 3152 3162 3094 3096 3117 3123 3150 3102 3118 3154 3075 3080 3103 3117 3138 3089 3126 3142 3067 3091 3120 3112 3127 3096 3136 3145 
9 3060 3118 3098 3095 3100 3114 3088 3088 3114 3122 3110 3122 3151 3137 3130 3155 3124 3131 3124 3125 3162 3123 3128 3177 3079 3126 3133 3128 3159 3132 3152 3170 3082 3120 3118 3120 3145 3117 3160 3171 3090 3098 3117 3126 3152 3101 3135 3157 3066 3073 3094 3113 3132 3087 3127 3147 3044 3074 3103 3102 3123 3093 3141 3154 
10 3117 3166 3144 3139 3140 3147 3091 3089 3128 3131 3114 3113 3139 3122 3138 3162 3151 3151 3142 3139 3160 3128 3130 3169 3097 3136 3139 3129 3157 3128 3153 3164 3098 3131 3125 3126 3147 3121 3159 3167 3093 3094 3114 3122 3147 3098 3144 3166 3075 3079 3099 3116 3136 3090 3131 3151 3080 3102 3126 3120 3135 3099 3143 3150 
