1 3070 3116 3099 3090 3104 3098 3077 3079 3075 3074 3081 3075 3116 3093 3135 3155 3099 3107 3099 3096 3146 3114 3161 3176 3096 3111 3112 3107 3158 3116 3169 3180 3069 3104 3089 3095 3142 3119 3174 3175 3080 3073 3094 3090 3132 3099 3149 3159 3061 3058 3082 3096 3124 3084 3132 3148 3028 3054 3088 3089 3112 3074 3128 3153 
2 3110 3155 3134 3121 3131 3126 3080 3078 3112 3109 3112 3096 3139 3110 3149 3162 3131 3133 3124 3109 3155 3125 3158 3171 3116 3127 3128 3114 3145 3112 3143 3170 3088 3118 3104 3101 3151 3127 3169 3169 3095 3088 3109 3100 3145 3119 3158 3167 3068 3066 3088 3094 3134 3099 3140 3154 3059 3077 3106 3108 3134 3096 3139 3156 
3 3083 3127 3111 3108 3114 3116 3086 3088 3079 3075 3083 3082 3115 3101 3134 3161 3102 3105 3099 3101 3141 3119 3157 3180 3096 3106 3110 3106 3159 3121 3165 3184 3069 3083 3089 3094 3143 3124 3173 3178 3077 3068 3093 3094 3132 3110 3152 3169 3064 3058 3082 3101 3131 3094 3135 3158 3037 3053 3088 3095 3113 3079 3127 3148 
4 3101 3145 3120 3118 3122 3113 3093 3089 3101 3099 3099 3098 3128 3104 3139 3155 3117 3120 3107 3106 3157 3124 3166 3177 3103 3116 3114 3112 3158 3114 3164 3176 3073 3107 3092 3099 3132 3106 3153 3171 3091 3085 3102 3105 3138 3107 3154 3168 3062 3057 3078 3095 3135 3093 3139 3158 3067 3083 3109 3113 3137 3092 3140 3158 
5 3072 3118 3102 3096 3104 3106 3057 3077 3076 3076 3083 3079 3110 3095 3131 3152 3099 3104 3097 3095 3141 3117 3157 3179 3091 3107 3105 3099 3154 3119 3162 3179 3067 3102 3089 3094 3139 3118 3170 3172 3080 3075 3098 3097 3131 3108 3153 3166 3044 3044 3077 3071 3129 3092 3134 3155 3038 3061 3092 3094 3114 3080 3128 3154 
6 3076 3119 3101 3096 3111 3106 3093 3092 3091 3085 3090 3091 3124 3110 3137 3159 3093 3094 3088 3084 3132 3104 3144 3177 3099 3112 3113 3110 3157 3115 3163 3179 3073 3097 3088 3091 3147 3124 3177 3180 3087 3077 3096 3094 3132 3102 3149 3161 3061 3055 3080 3093 3128 3091 3138 3153 3035 3054 3085 3075 3103 3064 3112 3152 
7 3104 3149 3126 3122 3126 3124 3092 3086 3107 3102 3105 3095 3133 3102 3147 3163 3123 3126 3114 3108 3153 3123 3160 3174 3110 3121 3121 3115 3164 3124 3168 3177 3079 3106 3094 3096 3148 3123 3174 3175 3068 3059 3095 3094 3137 3112 3157 3168 3063 3059 3081 3097 3129 3093 3139 3152 3037 3054 3082 3097 3118 3079 3132 3150 
8 3073 3120 3105 3101 3109 3109 3081 3081 3080 3078 3085 3083 3117 3097 3135 3158 3101 3106 3099 3093 3146 3119 3162 3177 3089 3102 3106 3102 3156 3114 3161 3175 3064 3084 3089 3091 3141 3120 3172 3174 3080 3076 3100 3097 3138 3108 3152 3165 3056 3056 3077 3092 3127 3087 3132 3149 3038 3060 3092 3101 3123 3084 3134 3154 
9 3105 3148 3124 3117 3123 3118 3081 3081 3099 3095 3097 3085 3126 3097 3139 3160 3118 3123 3111 3104 3147 3122 3162 3178 3105 3114 3115 3107 3154 3113 3162 3176 3072 3084 3082 3084 3133 3112 3167 3171 3075 3072 3092 3090 3132 3108 3156 3169 3058 3055 3078 3092 3131 3092 3141 3160 3044 3065 3095 3097 3118 3080 3132 3154 
10 3077 3128 3106 3097 3107 3107 3086 3085 3081 3083 3085 3076 3111 3098 3135 3158 3095 3106 3094 3088 3143 3115 3158 3178 3094 3114 3113 3103 3151 3112 3164 3178 3068 3107 3091 3092 3139 3116 3170 3175 3085 3083 3101 3097 3132 3107 3154 3167 3059 3061 3081 3093 3127 3089 3135 3155 3034 3057 3086 3091 3115 3080 3132 3159 
