1 3070 3122 3115 3098 3106 3102 3053 3058 3067 3067 3071 3065 3101 3089 3092 3130 3087 3082 3075 3063 3115 3090 3123 3136 3052 3073 3085 3065 3119 3097 3138 3139 3042 3067 3083 3057 3102 3087 3134 3133 3032 3044 3055 3050 3091 3058 3122 3109 3017 3023 3042 3059 3089 3044 3105 3114 3001 3028 3050 3062 3104 3064 3117 3124 
2 3067 3119 3110 3087 3093 3094 3041 3045 3077 3080 3083 3073 3104 3099 3093 3130 3089 3086 3074 3062 3107 3093 3118 3133 3051 3078 3086 3069 3116 3099 3137 3138 3042 3071 3082 3057 3096 3089 3132 3132 3027 3042 3051 3048 3084 3062 3124 3107 2997 3009 3045 3044 3090 3051 3106 3113 3014 3047 3063 3070 3103 3071 3117 3119 
3 3091 3135 3120 3106 3112 3108 3059 3055 3089 3082 3081 3075 3105 3094 3085 3121 3102 3092 3078 3067 3120 3091 3118 3135 3068 3082 3091 3072 3113 3096 3132 3139 3028 3043 3062 3045 3096 3085 3126 3130 3029 3034 3046 3046 3079 3053 3111 3106 3017 3023 3037 3060 3086 3044 3092 3112 3023 3047 3065 3068 3104 3065 3107 3122 
4 3065 3115 3106 3094 3102 3100 3059 3054 3067 3069 3071 3061 3100 3089 3085 3121 3075 3074 3064 3052 3117 3087 3126 3139 3053 3077 3086 3067 3114 3093 3134 3134 3031 3057 3073 3047 3093 3081 3128 3128 3031 3044 3052 3048 3080 3052 3117 3103 3015 3018 3039 3055 3086 3043 3102 3110 3005 3034 3052 3049 3077 3040 3089 3118 
5 3096 3147 3129 3109 3118 3108 3060 3052 3090 3091 3084 3073 3107 3087 3099 3130 3105 3099 3082 3069 3124 3091 3123 3128 3059 3085 3086 3068 3120 3097 3139 3138 3050 3079 3087 3061 3106 3089 3133 3127 3024 3039 3047 3042 3077 3046 3101 3105 3013 3025 3036 3057 3086 3038 3096 3103 3012 3045 3059 3063 3103 3061 3113 3114 
6 3054 3109 3098 3078 3088 3082 3052 3051 3066 3075 3077 3071 3108 3096 3086 3127 3067 3068 3062 3048 3115 3084 3121 3139 3046 3074 3082 3061 3115 3094 3137 3143 3032 3065 3076 3046 3096 3081 3133 3135 3028 3047 3056 3049 3080 3055 3101 3108 3007 3024 3037 3053 3084 3041 3101 3112 3003 3039 3058 3060 3100 3061 3114 3123 
7 3101 3144 3125 3109 3115 3109 3062 3051 3099 3090 3082 3080 3110 3098 3096 3124 3111 3092 3081 3070 3123 3091 3121 3125 3074 3087 3090 3074 3119 3102 3139 3136 3059 3074 3083 3061 3101 3087 3106 3118 3046 3050 3057 3054 3093 3064 3123 3109 3027 3029 3042 3065 3092 3051 3105 3114 3035 3055 3068 3076 3111 3074 3119 3121 
8 3058 3108 3099 3078 3088 3086 3055 3052 3074 3073 3073 3069 3106 3095 3065 3118 3081 3070 3060 3047 3113 3087 3121 3140 3051 3076 3085 3065 3113 3096 3133 3140 3035 3061 3076 3050 3096 3084 3129 3133 3031 3042 3052 3047 3084 3056 3115 3109 3018 3027 3042 3060 3089 3050 3106 3117 2999 3032 3053 3054 3094 3059 3108 3117 
9 3064 3115 3100 3089 3092 3087 3057 3048 3075 3079 3073 3069 3100 3088 3089 3120 3088 3078 3066 3057 3115 3086 3123 3133 3053 3080 3085 3070 3113 3094 3132 3132 3039 3065 3075 3055 3096 3084 3132 3128 3030 3043 3049 3045 3083 3056 3120 3105 3024 3034 3047 3068 3095 3053 3110 3115 3040 3066 3074 3082 3115 3073 3117 3121 
10 3087 3129 3113 3100 3101 3094 3060 3051 3092 3088 3081 3075 3103 3089 3091 3126 3107 3095 3082 3072 3120 3089 3118 3127 3059 3079 3082 3070 3118 3097 3136 3138 3043 3065 3076 3055 3095 3082 3127 3134 3032 3041 3048 3047 3071 3046 3103 3106 3023 3030 3043 3069 3083 3043 3099 3111 3005 3032 3050 3069 3102 3066 3115 3124 
