1 3107 3149 3136 3127 3120 3130 3064 3039 3120 3130 3111 3107 3139 3119 3097 3106 3136 3152 3131 3114 3147 3130 3119 3106 3112 3146 3130 3117 3151 3124 3131 3116 3100 3138 3130 3120 3155 3122 3101 3123 3087 3108 3112 3111 3144 3104 3117 3118 3072 3090 3113 3120 3142 3082 3116 3094 3079 3117 3144 3120 3128 3092 3132 3120 
2 3082 3131 3122 3116 3112 3125 3068 3041 3100 3115 3097 3097 3131 3109 3096 3105 3114 3136 3123 3111 3147 3130 3119 3109 3092 3130 3120 3110 3145 3117 3107 3111 3088 3129 3127 3121 3157 3122 3107 3116 3080 3102 3112 3112 3146 3102 3127 3120 3072 3090 3120 3126 3149 3086 3120 3096 3060 3101 3136 3109 3121 3085 3131 3120 
3 3097 3142 3132 3129 3118 3130 3065 3045 3114 3125 3104 3103 3134 3112 3091 3102 3130 3149 3133 3114 3145 3128 3119 3109 3108 3143 3130 3117 3149 3119 3131 3113 3097 3132 3126 3115 3149 3113 3098 3118 3098 3116 3127 3124 3155 3111 3123 3124 3074 3088 3117 3120 3140 3086 3125 3104 3093 3126 3155 3123 3134 3092 3131 3119 
4 3102 3147 3132 3129 3124 3137 3072 3043 3120 3131 3107 3101 3140 3119 3103 3105 3123 3144 3121 3105 3142 3125 3128 3109 3098 3137 3121 3110 3148 3120 3131 3107 3090 3132 3123 3117 3155 3122 3107 3115 3086 3109 3112 3112 3147 3102 3121 3117 3074 3091 3115 3118 3145 3085 3123 3097 3065 3106 3134 3108 3122 3088 3135 3118 
5 3087 3136 3124 3124 3117 3135 3069 3046 3108 3119 3095 3098 3134 3112 3096 3106 3116 3137 3120 3108 3143 3128 3115 3111 3099 3137 3124 3114 3146 3120 3136 3124 3099 3139 3131 3125 3160 3128 3111 3119 3085 3104 3109 3110 3139 3093 3123 3122 3076 3091 3120 3122 3145 3081 3119 3098 3052 3089 3118 3113 3120 3088 3135 3120 
6 3113 3155 3139 3135 3127 3136 3080 3053 3128 3138 3114 3115 3147 3124 3101 3115 3132 3152 3130 3117 3151 3130 3120 3108 3101 3133 3119 3109 3142 3112 3125 3112 3096 3131 3122 3118 3153 3117 3100 3122 3090 3110 3115 3117 3147 3103 3123 3125 3077 3093 3115 3125 3146 3083 3121 3099 3086 3123 3150 3122 3131 3094 3137 3121 
7 3084 3129 3124 3122 3116 3134 3070 3041 3103 3116 3096 3100 3135 3119 3084 3112 3087 3107 3093 3076 3124 3100 3118 3108 3098 3136 3128 3114 3149 3123 3126 3116 3091 3129 3125 3112 3147 3113 3099 3123 3084 3103 3114 3112 3145 3102 3120 3116 3062 3077 3109 3109 3132 3079 3114 3093 3037 3074 3109 3105 3113 3082 3127 3113 
8 3103 3147 3133 3129 3119 3127 3067 3037 3128 3138 3114 3111 3141 3118 3090 3104 3129 3147 3124 3110 3142 3121 3124 3109 3116 3152 3137 3127 3157 3125 3127 3110 3100 3137 3126 3120 3151 3113 3096 3114 3098 3119 3120 3120 3148 3100 3119 3117 3070 3085 3113 3120 3139 3077 3119 3094 3065 3103 3133 3113 3118 3082 3129 3117 
9 3090 3139 3125 3121 3114 3132 3070 3043 3103 3119 3096 3096 3130 3114 3100 3111 3116 3137 3118 3106 3141 3128 3123 3111 3093 3132 3119 3107 3141 3117 3133 3123 3090 3132 3123 3115 3150 3117 3103 3121 3065 3090 3094 3091 3125 3087 3122 3122 3074 3091 3118 3120 3143 3081 3117 3098 3055 3096 3128 3105 3114 3084 3131 3121 
10 3108 3154 3140 3136 3127 3141 3077 3042 3122 3132 3108 3103 3134 3111 3100 3103 3134 3154 3135 3117 3147 3129 3122 3107 3086 3123 3108 3092 3128 3097 3134 3117 3103 3140 3130 3121 3151 3117 3102 3119 3096 3118 3124 3120 3149 3107 3129 3121 3076 3092 3117 3123 3143 3083 3122 3098 3095 3130 3156 3129 3133 3095 3138 3122 
