1 3105 3149 3131 3134 3104 3117 3064 3038 3104 3093 3090 3084 3110 3079 3076 3108 3130 3130 3116 3104 3131 3102 3095 3104 3080 3109 3113 3111 3122 3099 3096 3108 3075 3087 3091 3094 3106 3087 3099 3104 3062 3065 3082 3095 3121 3072 3096 3100 3054 3066 3093 3106 3123 3064 3092 3101 3052 3093 3107 3097 3110 3068 3098 3105 
2 3099 3148 3130 3130 3102 3117 3072 3044 3107 3100 3099 3088 3114 3100 3058 3107 3108 3116 3104 3093 3120 3092 3091 3106 3078 3107 3117 3115 3119 3099 3100 3115 3082 3097 3103 3103 3109 3094 3107 3112 3063 3062 3085 3091 3112 3063 3101 3084 3055 3068 3098 3109 3122 3066 3091 3103 3029 3075 3096 3084 3098 3060 3101 3111 
3 3069 3119 3109 3116 3086 3106 3069 3047 3085 3079 3082 3079 3111 3101 3060 3114 3087 3094 3086 3070 3102 3079 3094 3110 3076 3105 3118 3113 3121 3102 3092 3109 3075 3087 3093 3090 3101 3089 3103 3111 3059 3057 3083 3085 3111 3063 3096 3084 3045 3058 3090 3097 3115 3062 3089 3102 3013 3056 3082 3069 3085 3051 3093 3104 
4 3094 3142 3126 3139 3109 3136 3070 3041 3107 3099 3093 3087 3115 3097 3073 3102 3127 3128 3115 3103 3129 3100 3099 3106 3094 3118 3126 3124 3129 3103 3099 3108 3088 3097 3100 3103 3109 3090 3087 3100 3068 3067 3082 3095 3120 3070 3100 3081 3056 3069 3095 3113 3124 3069 3092 3100 3045 3085 3099 3087 3106 3065 3106 3109 
5 3073 3127 3109 3114 3087 3117 3070 3041 3090 3085 3082 3079 3110 3097 3072 3109 3101 3107 3093 3084 3114 3091 3090 3102 3083 3111 3119 3114 3122 3102 3099 3115 3074 3086 3089 3091 3099 3087 3107 3108 3067 3065 3083 3096 3120 3071 3092 3082 3056 3067 3095 3106 3122 3067 3091 3098 3020 3065 3086 3075 3091 3055 3096 3107 
6 3089 3134 3117 3124 3096 3125 3062 3037 3089 3077 3077 3072 3104 3087 3079 3113 3117 3117 3104 3091 3121 3095 3098 3101 3075 3101 3107 3108 3119 3095 3105 3113 3082 3090 3096 3099 3111 3091 3112 3111 3069 3064 3079 3092 3119 3067 3101 3086 3055 3063 3090 3105 3119 3062 3099 3102 3052 3088 3105 3091 3102 3061 3104 3106 
7 3078 3131 3114 3118 3087 3122 3065 3036 3056 3056 3053 3047 3077 3065 3074 3111 3111 3118 3106 3094 3119 3097 3096 3100 3082 3111 3121 3115 3120 3097 3100 3112 3077 3092 3095 3094 3101 3087 3104 3105 3065 3064 3085 3093 3115 3064 3098 3076 3054 3068 3096 3105 3116 3060 3090 3099 3031 3077 3095 3083 3095 3059 3098 3100 
8 3051 3103 3091 3092 3067 3101 3059 3038 3079 3076 3075 3066 3097 3087 3070 3110 3104 3110 3102 3086 3119 3096 3094 3105 3065 3092 3104 3100 3111 3091 3102 3114 3074 3085 3094 3089 3105 3089 3103 3103 3063 3063 3083 3089 3115 3067 3100 3083 3036 3048 3080 3086 3103 3049 3089 3100 3046 3084 3101 3083 3103 3064 3105 3109 
9 3093 3140 3119 3122 3094 3117 3068 3041 3113 3104 3097 3089 3117 3101 3064 3104 3104 3108 3093 3076 3107 3078 3095 3103 3089 3115 3118 3116 3125 3100 3100 3111 3082 3093 3094 3095 3105 3090 3107 3107 3064 3062 3078 3090 3117 3067 3092 3084 3048 3060 3086 3097 3113 3058 3091 3101 3036 3079 3096 3083 3098 3060 3101 3108 
10 3041 3095 3078 3084 3060 3093 3065 3036 3091 3087 3085 3076 3110 3098 3062 3105 3103 3109 3100 3082 3114 3092 3092 3103 3084 3113 3121 3113 3123 3106 3103 3113 3074 3084 3092 3087 3099 3087 3104 3107 3066 3065 3085 3090 3115 3067 3084 3073 3051 3064 3092 3100 3114 3061 3093 3098 3034 3077 3097 3082 3098 3064 3102 3105 
