1 3063 3104 3087 3085 3092 3097 3054 3055 3078 3081 3074 3075 3093 3077 3086 3112 3067 3077 3060 3060 3105 3075 3110 3126 3062 3086 3082 3087 3104 3082 3109 3125 3040 3068 3077 3066 3100 3074 3129 3138 3042 3054 3080 3068 3098 3072 3107 3103 3009 3028 3056 3059 3086 3054 3109 3118 3009 3034 3050 3046 3063 3033 3085 3104 
2 3093 3125 3113 3106 3110 3109 3073 3070 3105 3105 3094 3087 3105 3084 3095 3117 3098 3101 3086 3078 3110 3085 3110 3122 3070 3096 3092 3092 3108 3084 3116 3129 3052 3077 3088 3074 3100 3076 3131 3137 3046 3056 3086 3070 3100 3073 3111 3107 3012 3027 3057 3057 3091 3058 3113 3118 3017 3036 3057 3057 3069 3039 3090 3108 
3 3061 3101 3083 3081 3086 3094 3056 3055 3074 3078 3069 3067 3086 3076 3091 3115 3054 3062 3044 3044 3098 3073 3110 3123 3044 3071 3066 3069 3106 3077 3118 3132 3045 3072 3080 3069 3100 3076 3125 3133 3040 3050 3076 3063 3093 3068 3113 3104 3011 3026 3054 3054 3082 3048 3109 3111 3008 3027 3049 3041 3057 3031 3090 3103 
4 3090 3128 3111 3112 3111 3110 3058 3052 3095 3099 3084 3077 3094 3072 3096 3116 3095 3101 3080 3077 3110 3081 3107 3116 3071 3097 3089 3090 3114 3078 3118 3128 3062 3090 3093 3081 3109 3077 3126 3131 3040 3052 3076 3063 3096 3066 3121 3115 3011 3028 3051 3058 3088 3055 3117 3119 3034 3054 3069 3060 3073 3038 3092 3106 
5 3069 3104 3089 3091 3096 3101 3051 3050 3063 3062 3057 3059 3077 3058 3084 3107 3079 3083 3067 3069 3101 3080 3104 3118 3055 3077 3073 3081 3110 3075 3124 3134 3033 3052 3062 3055 3094 3065 3119 3127 3031 3038 3063 3055 3092 3063 3119 3110 3011 3022 3052 3057 3085 3049 3110 3113 3000 3017 3039 3045 3058 3030 3090 3105 
6 3062 3104 3090 3086 3090 3098 3060 3055 3073 3078 3074 3065 3083 3070 3089 3112 3062 3077 3060 3054 3101 3074 3112 3123 3058 3087 3086 3084 3105 3080 3118 3129 3040 3067 3078 3062 3099 3073 3113 3134 3037 3052 3078 3061 3094 3070 3117 3110 3006 3026 3056 3052 3080 3050 3108 3112 3001 3029 3048 3043 3055 3030 3089 3106 
7 3089 3123 3106 3104 3107 3107 3060 3053 3090 3087 3078 3071 3091 3068 3096 3113 3071 3077 3059 3056 3110 3078 3115 3122 3057 3082 3078 3078 3106 3075 3120 3128 3051 3078 3085 3072 3105 3076 3124 3130 3037 3047 3074 3061 3094 3066 3116 3110 3012 3027 3056 3056 3086 3047 3111 3113 2996 3004 3021 3039 3055 3028 3091 3103 
8 3079 3116 3105 3098 3098 3095 3068 3062 3062 3065 3062 3045 3083 3060 3092 3113 3087 3097 3079 3075 3106 3081 3108 3123 3063 3091 3090 3091 3107 3082 3112 3124 3049 3075 3087 3074 3106 3075 3124 3130 3033 3047 3075 3059 3093 3065 3117 3113 3008 3027 3058 3060 3083 3034 3093 3115 3037 3058 3078 3069 3078 3048 3103 3112 
9 3090 3125 3107 3105 3107 3101 3062 3057 3096 3098 3083 3079 3095 3075 3088 3110 3074 3074 3061 3052 3109 3075 3107 3117 3065 3089 3083 3086 3111 3073 3117 3130 3054 3081 3088 3078 3109 3077 3127 3134 3039 3052 3075 3063 3093 3063 3117 3109 3011 3028 3055 3059 3087 3050 3113 3117 3005 3013 3023 3047 3058 3027 3088 3102 
10 3064 3107 3083 3087 3091 3091 3052 3058 3064 3070 3053 3058 3078 3061 3089 3119 3079 3089 3067 3069 3097 3078 3104 3125 3052 3080 3073 3078 3097 3073 3106 3136 3049 3079 3082 3073 3103 3071 3122 3132 3037 3051 3071 3065 3093 3063 3113 3111 3014 3032 3054 3062 3087 3046 3106 3116 2990 3016 3032 3038 3048 3022 3083 3108 
