1 3014 3083 3067 3050 3047 3073 3052 3009 3016 3021 3028 3029 3067 3039 3053 3085 3033 3039 3036 3039 3071 3045 3072 3070 3008 3056 3060 3074 3097 3062 3085 3089 3001 3027 3047 3045 3082 3038 3089 3086 3001 3002 3044 3043 3079 3022 3074 3083 2984 2993 3043 3053 3071 3026 3081 3088 2990 3026 3069 3057 3075 3030 3090 3086 
2 3033 3101 3082 3064 3052 3084 3059 3012 3026 3033 3033 3036 3068 3045 3059 3085 3050 3057 3050 3051 3074 3052 3074 3071 3019 3068 3063 3073 3093 3060 3086 3086 3020 3047 3063 3061 3095 3056 3100 3090 3013 3014 3050 3050 3084 3031 3084 3088 2991 3005 3051 3062 3080 3042 3096 3101 3025 3054 3092 3085 3104 3060 3116 3106 
3 3015 3084 3067 3049 3047 3078 3040 3000 3012 3014 3018 3019 3059 3033 3062 3090 3028 3034 3027 3031 3068 3042 3072 3073 3005 3050 3052 3064 3089 3055 3091 3090 2998 3019 3039 3037 3078 3037 3092 3082 3001 2998 3037 3036 3075 3019 3078 3082 2986 2995 3043 3051 3073 3025 3082 3083 2995 3030 3072 3058 3082 3036 3097 3091 
4 3044 3113 3094 3070 3064 3094 3049 3007 3027 3030 3034 3029 3064 3039 3060 3082 3058 3063 3061 3057 3080 3061 3068 3063 3009 3056 3056 3062 3087 3049 3088 3087 3015 3042 3060 3054 3093 3053 3086 3079 3005 3006 3047 3042 3081 3026 3080 3084 2984 2997 3047 3051 3073 3031 3082 3086 2997 3033 3073 3069 3090 3046 3101 3096 
5 3027 3093 3076 3060 3055 3085 3044 3007 3015 3016 3019 3025 3062 3036 3054 3082 3047 3047 3044 3048 3069 3052 3067 3069 3007 3052 3052 3064 3088 3052 3090 3092 3005 3027 3045 3044 3082 3042 3087 3083 3004 3001 3039 3041 3076 3021 3077 3084 2982 2990 3035 3045 3065 3021 3074 3080 2999 3031 3071 3061 3081 3036 3095 3090 
6 3012 3080 3069 3052 3048 3076 3050 3003 3014 3018 3027 3030 3065 3039 3051 3077 3037 3041 3041 3044 3066 3049 3058 3070 3010 3056 3060 3074 3095 3061 3083 3080 3005 3030 3050 3050 3085 3045 3092 3084 3000 3000 3041 3041 3078 3024 3077 3078 2984 2992 3045 3055 3073 3029 3086 3086 2989 3026 3072 3066 3085 3043 3102 3092 
7 3039 3105 3086 3070 3056 3086 3033 3005 3031 3030 3031 3035 3061 3038 3059 3086 3055 3058 3049 3053 3069 3050 3063 3069 3007 3051 3049 3062 3080 3046 3081 3086 3013 3039 3052 3052 3082 3045 3093 3089 3004 3002 3043 3042 3076 3023 3085 3087 2980 2983 3041 3043 3072 3035 3089 3096 3003 3035 3073 3075 3088 3044 3101 3098 
8 3011 3084 3067 3051 3047 3075 3042 3001 3008 3014 3017 3019 3057 3028 3047 3076 3030 3039 3034 3036 3069 3041 3068 3070 2997 3045 3047 3060 3086 3046 3081 3083 2997 3018 3039 3035 3077 3034 3074 3085 3006 3010 3047 3047 3084 3027 3089 3092 2988 3000 3048 3057 3081 3038 3093 3098 3001 3040 3079 3073 3095 3045 3100 3096 
9 2996 3073 3052 3035 3035 3066 3047 3003 3007 3016 3019 3022 3059 3034 3047 3076 3031 3043 3036 3037 3071 3048 3072 3072 3001 3055 3053 3064 3090 3056 3081 3082 2990 3015 3033 3029 3072 3033 3091 3084 2998 3002 3039 3034 3073 3016 3083 3084 2974 2981 3033 3025 3064 3024 3078 3080 2992 3033 3068 3066 3087 3044 3101 3094 
10 3037 3105 3083 3065 3054 3085 3057 3011 3030 3034 3031 3034 3066 3042 3057 3079 3034 3057 3048 3051 3077 3056 3079 3073 3005 3059 3053 3067 3089 3056 3081 3079 3003 3030 3044 3045 3081 3043 3096 3085 2998 3002 3036 3039 3075 3022 3079 3081 2979 2993 3037 3048 3068 3032 3089 3091 2987 3020 3057 3064 3082 3042 3100 3094 
