1 3127 3185 3156 3134 3135 3140 3088 3063 3120 3125 3127 3123 3161 3126 3108 3133 3119 3132 3122 3115 3144 3106 3120 3123 3061 3128 3123 3128 3133 3100 3125 3124 3071 3105 3123 3114 3147 3101 3142 3134 3072 3082 3122 3120 3155 3095 3136 3132 3052 3052 3113 3131 3139 3079 3126 3122 3037 3063 3124 3097 3115 3066 3113 3121 
2 3103 3174 3142 3118 3126 3136 3072 3048 3093 3105 3112 3111 3152 3122 3099 3121 3109 3131 3120 3112 3144 3110 3115 3117 3048 3127 3121 3122 3133 3102 3123 3120 3075 3121 3135 3126 3160 3116 3143 3130 3065 3081 3120 3112 3148 3094 3140 3132 3045 3053 3108 3125 3136 3075 3120 3112 3032 3059 3118 3091 3106 3063 3112 3115 
3 3119 3184 3156 3129 3128 3136 3082 3051 3108 3120 3120 3109 3144 3110 3103 3119 3126 3142 3134 3122 3149 3111 3121 3117 3062 3138 3131 3133 3136 3101 3126 3119 3074 3121 3130 3124 3152 3109 3144 3132 3064 3081 3123 3115 3145 3088 3139 3132 3048 3055 3113 3131 3133 3075 3125 3118 3027 3057 3119 3091 3102 3058 3112 3115 
4 3112 3172 3147 3123 3125 3132 3092 3058 3115 3123 3129 3120 3161 3126 3098 3118 3118 3131 3124 3114 3145 3109 3125 3122 3069 3139 3137 3136 3143 3107 3126 3117 3082 3123 3136 3127 3156 3109 3149 3130 3065 3073 3119 3110 3150 3091 3152 3139 3046 3048 3107 3123 3132 3078 3128 3118 3045 3066 3125 3100 3116 3069 3121 3116 
5 3088 3158 3129 3115 3119 3129 3085 3050 3099 3110 3117 3111 3153 3119 3093 3108 3104 3123 3118 3110 3138 3103 3116 3115 3062 3135 3131 3133 3138 3104 3127 3116 3074 3113 3130 3121 3153 3108 3146 3130 3065 3078 3120 3113 3150 3091 3141 3127 3044 3052 3107 3128 3137 3074 3124 3113 3024 3055 3119 3088 3110 3056 3112 3110 
6 3129 3192 3165 3141 3141 3149 3093 3059 3111 3121 3124 3115 3154 3120 3104 3120 3124 3141 3136 3123 3152 3116 3117 3117 3060 3135 3132 3131 3136 3102 3125 3117 3079 3119 3138 3127 3158 3112 3145 3127 3059 3070 3114 3106 3144 3084 3139 3127 3044 3051 3111 3128 3131 3069 3118 3110 3041 3067 3131 3096 3116 3062 3113 3114 
7 3106 3171 3144 3132 3132 3144 3077 3058 3118 3126 3130 3118 3156 3122 3108 3121 3115 3128 3119 3108 3140 3111 3125 3123 3069 3141 3137 3138 3140 3106 3124 3116 3083 3126 3140 3131 3159 3115 3161 3143 3071 3082 3125 3118 3151 3096 3147 3136 3046 3051 3109 3129 3134 3080 3129 3118 3049 3077 3134 3103 3117 3070 3117 3115 
8 3096 3166 3134 3119 3118 3127 3072 3048 3091 3103 3107 3103 3138 3103 3097 3121 3101 3122 3113 3108 3134 3098 3115 3120 3032 3111 3106 3112 3135 3091 3129 3127 3080 3127 3136 3130 3154 3107 3141 3133 3058 3071 3110 3104 3139 3077 3141 3135 3047 3053 3108 3132 3134 3068 3118 3113 3026 3055 3117 3094 3103 3053 3107 3113 
9 3113 3179 3149 3128 3135 3141 3091 3061 3111 3121 3125 3116 3162 3127 3099 3116 3094 3116 3104 3096 3142 3107 3122 3120 3060 3135 3128 3129 3138 3099 3120 3114 3075 3117 3131 3123 3159 3109 3147 3131 3066 3079 3119 3110 3150 3088 3120 3127 3046 3056 3109 3128 3140 3073 3121 3112 3029 3062 3120 3086 3115 3053 3105 3108 
10 3124 3187 3153 3138 3134 3143 3084 3055 3112 3123 3122 3116 3151 3117 3107 3127 3123 3138 3124 3119 3146 3110 3123 3117 3060 3135 3125 3133 3135 3102 3132 3123 3080 3124 3136 3131 3158 3113 3131 3122 3059 3074 3111 3106 3137 3080 3142 3134 3042 3049 3101 3127 3132 3074 3123 3114 3026 3059 3113 3094 3105 3057 3109 3111 
