1 3027 3050 3032 3018 3060 3047 2995 3025 2996 2995 2994 3009 3024 3012 3000 3025 3011 3008 2997 3001 3021 2980 2996 3026 2991 2994 2996 3003 3014 3002 3023 3030 2974 2997 2990 2976 3032 2989 3034 3063 2970 2986 2996 2963 3022 3004 3046 3061 2991 3005 2976 3038 3031 3002 3008 3066 2961 2990 3008 2996 3032 3006 3046 3045 
2 3026 3045 3031 3009 3051 3036 2984 3010 2997 2996 2998 3001 3027 3002 3004 3027 3019 3015 3004 3003 3036 2994 3006 3036 3001 2999 3004 3010 3011 3000 3013 3027 2985 3008 3007 2983 3039 3000 3042 3069 2985 2997 3008 2967 3025 3009 3046 3063 2997 3008 2981 3037 3036 3010 3017 3080 2995 3014 3035 3007 3046 3015 3054 3050 
3 3000 3019 3007 2991 3036 3021 2968 2997 2979 2978 2978 2989 3006 2992 2995 3018 2998 2995 2989 2986 3022 2980 2997 3026 2983 2986 2990 2995 3008 2996 3017 3029 2970 3003 2995 2982 3035 2996 3038 3067 2973 2982 3001 2961 3018 3005 3047 3035 2988 2999 2972 3028 3028 2999 3008 3073 2971 2994 3010 2995 3038 3009 3052 3049 
4 3026 3050 3035 3012 3055 3038 2979 3006 2994 2994 2997 3001 3024 3001 3002 3025 3022 3018 3006 3008 3032 2991 3003 3035 2994 2994 3002 3006 3011 2999 3015 3029 2977 3013 3001 2989 3040 3000 3035 3062 2977 2986 3006 2964 3022 3007 3050 3033 2995 3009 2983 3039 3035 3006 3013 3074 2978 3000 3024 3002 3043 3012 3051 3045 
5 2994 3018 3006 2990 3032 3020 2969 3005 2973 2973 2977 2986 3007 2989 2985 3016 2998 2998 2990 2990 3015 2976 2989 3029 2982 2988 2992 2991 3010 2998 3017 3033 2971 2996 3000 2978 3036 2994 3037 3069 2965 2978 2999 2959 3014 3003 3045 3032 2989 3004 2976 3032 3030 3003 3008 3072 2968 2995 3016 2992 3030 3000 3044 3044 
6 3025 3050 3033 3012 3053 3035 2966 3005 2987 2988 2988 2994 3016 2995 2990 3015 3008 3006 2997 2997 3026 2982 3002 3027 2989 2983 2988 2999 2998 2985 3002 3025 2975 3010 3000 2987 3042 2998 3037 3065 2975 2986 3006 2965 3023 3007 3052 3063 2991 3005 2977 3030 3030 2997 3008 3065 2966 2989 3007 2992 3034 3005 3050 3050 
7 3021 3041 3025 3007 3044 3034 2987 3013 2988 2978 2987 2981 3021 2996 3001 3023 3011 3006 2993 2998 3031 2993 3006 3034 3003 2994 3000 3014 3011 3002 3019 3026 2975 2999 2997 2978 3032 2997 3037 3063 2974 2983 2999 2956 3012 3005 3042 3046 2992 2999 2973 3030 3014 2994 2996 3066 2965 2969 3007 2992 3033 3012 3050 3048 
8 3003 3026 3011 3003 3048 3036 2967 3004 2974 2971 2975 2993 3012 2999 2989 3019 3001 2998 2989 2994 3001 2964 2979 3018 2984 2987 2991 3001 3009 2999 3015 3034 2971 3004 2991 2980 3031 2995 3035 3066 2972 2980 2996 2955 3015 3002 3043 3044 2988 3001 2974 3032 3032 3005 3009 3073 2965 2967 2999 2991 3032 3007 3048 3045 
9 2992 3018 3004 2990 3032 3019 2969 2998 2977 2983 2983 2993 3006 2998 2993 3013 2994 2995 2987 2987 3022 2983 2998 3029 2983 2980 2984 2995 2989 2981 2998 3024 2976 3000 3001 2978 3038 2996 3037 3062 2969 2984 3001 2961 3014 3004 3049 3047 2985 3001 2974 3031 3028 3001 3011 3070 2959 2967 3007 2993 3034 3008 3049 3044 
10 3018 3039 3026 3007 3042 3031 2983 3010 2995 2996 2999 3007 3016 3009 2999 3020 3008 3007 2999 2999 3028 2990 3004 3030 2991 2990 2999 3008 3006 2995 3014 3022 2976 2984 3004 2984 3035 2997 3038 3067 2970 2983 3002 2961 3012 3001 3043 3043 2990 3004 2978 3036 3030 3007 3012 3072 2967 2989 3010 2992 3028 3006 3048 3047 
