1 3061 3093 3100 3078 3103 3098 3037 3037 3034 3044 3028 3040 3062 3034 3060 3092 3056 3031 3032 3047 3075 3049 3068 3105 3020 3057 3056 3060 3095 3071 3105 3125 3030 3047 3053 3055 3085 3065 3118 3125 3019 3047 3048 3055 3089 3059 3114 3130 3049 3063 3080 3091 3094 3062 3074 3113 3011 3050 3044 3068 3085 3063 3092 3110 
2 3062 3096 3098 3073 3095 3089 3053 3044 3048 3058 3041 3051 3073 3042 3061 3088 3056 3039 3036 3048 3079 3049 3073 3109 3030 3067 3053 3064 3088 3063 3104 3121 3029 3050 3053 3061 3089 3064 3123 3127 3028 3054 3051 3055 3090 3057 3118 3130 3048 3067 3080 3089 3099 3067 3087 3122 3015 3054 3044 3067 3088 3062 3095 3108 
3 3080 3108 3115 3087 3112 3105 3056 3049 3055 3056 3042 3050 3077 3040 3066 3095 3076 3050 3053 3059 3093 3061 3077 3107 3031 3062 3055 3058 3087 3059 3086 3105 3037 3051 3053 3058 3076 3049 3097 3105 3031 3056 3056 3060 3089 3053 3106 3124 3044 3054 3072 3080 3100 3070 3081 3117 3034 3063 3058 3074 3103 3074 3098 3109 
4 3049 3081 3091 3062 3089 3085 3049 3042 3035 3045 3032 3046 3070 3039 3060 3091 3050 3029 3033 3044 3077 3048 3071 3106 3018 3053 3054 3054 3093 3069 3099 3118 3026 3044 3050 3048 3085 3063 3114 3125 3025 3048 3049 3049 3088 3057 3111 3127 3040 3053 3068 3075 3095 3066 3078 3115 3018 3046 3046 3057 3088 3062 3092 3107 
5 3075 3109 3115 3090 3112 3105 3034 3038 3063 3068 3053 3060 3081 3047 3062 3089 3074 3053 3050 3061 3094 3064 3080 3112 3040 3076 3064 3074 3090 3062 3089 3105 3034 3054 3054 3058 3084 3054 3101 3110 3028 3055 3054 3058 3089 3054 3105 3123 3041 3061 3076 3088 3102 3071 3082 3118 3031 3067 3058 3082 3105 3072 3097 3111 
6 3061 3099 3107 3086 3113 3112 3047 3051 3035 3045 3032 3049 3072 3043 3033 3075 3051 3030 3028 3040 3079 3049 3066 3104 3014 3052 3056 3051 3096 3075 3103 3128 3030 3054 3055 3062 3087 3062 3107 3120 3021 3051 3051 3053 3085 3055 3102 3126 3045 3063 3079 3086 3097 3069 3074 3115 3003 3044 3037 3056 3093 3069 3092 3114 
7 3037 3074 3079 3058 3083 3074 3020 3048 3043 3052 3041 3053 3075 3045 3049 3085 3048 3028 3029 3046 3080 3051 3068 3106 3025 3058 3049 3058 3087 3060 3085 3110 3022 3041 3053 3053 3089 3065 3114 3129 3023 3053 3054 3062 3083 3052 3104 3127 3019 3028 3047 3053 3090 3061 3072 3113 3012 3042 3040 3057 3087 3057 3085 3103 
8 3082 3114 3118 3088 3118 3114 3069 3066 3063 3070 3052 3056 3087 3052 3080 3112 3068 3045 3045 3051 3087 3058 3073 3106 3021 3053 3049 3048 3087 3063 3091 3112 3021 3042 3047 3048 3083 3062 3107 3120 3022 3048 3047 3047 3087 3057 3107 3125 3041 3058 3071 3078 3098 3072 3078 3120 3018 3056 3048 3066 3094 3069 3089 3110 
9 3049 3081 3092 3067 3098 3091 3043 3044 3047 3055 3040 3048 3077 3042 3047 3082 3041 3025 3026 3035 3072 3035 3061 3102 3027 3064 3054 3063 3089 3060 3094 3115 3025 3044 3053 3050 3092 3063 3117 3124 3027 3056 3057 3062 3090 3054 3109 3124 3040 3054 3068 3073 3102 3066 3081 3121 3033 3064 3057 3071 3111 3076 3103 3113 
10 3055 3091 3099 3071 3100 3093 3053 3044 3030 3045 3030 3038 3065 3034 3058 3082 3054 3036 3035 3045 3082 3050 3073 3106 3023 3059 3047 3056 3075 3045 3076 3105 3028 3049 3052 3054 3088 3061 3119 3120 3023 3052 3049 3048 3092 3055 3116 3126 3039 3060 3073 3081 3102 3069 3088 3118 3009 3046 3043 3055 3089 3059 3093 3102 
