1 3022 3046 3024 3015 3041 3019 2992 3000 2988 2981 2978 2981 3010 2992 3007 3037 2985 2980 2982 2972 3004 2982 3008 3033 2968 2986 2979 2984 3016 2995 3023 3021 2967 2974 2973 2961 3009 2982 3028 3052 2960 2971 2973 2988 3020 2987 3027 3064 2968 2968 2977 2976 3026 2993 3036 3059 2964 3014 3016 3001 3040 3011 3049 3065 
2 3038 3067 3044 3028 3052 3023 2992 3002 2991 2989 2983 2984 3010 2986 3007 3035 2993 2995 2993 2987 3009 2983 3009 3033 2965 2988 2979 2985 3016 2997 3024 3020 2968 2982 2974 2965 3013 2979 3028 3051 2955 2975 2976 2997 3021 2986 3026 3060 2965 2972 2979 2980 3028 2993 3036 3042 2961 3022 3022 3003 3043 3010 3050 3063 
3 3021 3052 3034 3017 3041 3020 2984 2997 2977 2974 2971 2969 3004 2979 3006 3038 2992 2989 2990 2981 2999 2983 3001 3030 2958 2981 2973 2977 3009 2999 3023 3024 2968 2980 2975 2963 3009 2984 3023 3046 2961 2976 2979 2993 3014 2986 3019 3059 2972 2972 2978 2975 3023 2993 3035 3041 2981 3032 3034 3012 3058 3033 3063 3073 
4 3033 3064 3037 3025 3045 3020 2997 3002 2996 2990 2982 2985 3013 2992 2999 3030 2997 2992 2988 2983 3003 2984 3002 3029 2970 2988 2976 2985 3014 3002 3026 3023 2967 2977 2975 2967 3016 2982 3030 3053 2958 2970 2975 2993 3023 2990 3028 3065 2976 2975 2982 2977 3032 2999 3039 3044 2962 3021 3016 3003 3043 3012 3050 3065 
5 3041 3072 3047 3034 3052 3028 2984 2996 2998 2993 2988 2996 3019 3002 3010 3041 3002 2998 2996 2987 3017 2996 3017 3041 2975 2996 2985 2989 3018 2996 3018 3017 2980 2988 2983 2973 3014 2985 3034 3063 2967 2981 2983 3003 3023 2992 3028 3064 2976 2976 2991 2982 3033 3002 3041 3043 2986 3043 3041 3021 3054 3026 3058 3071 
6 3015 3047 3028 3016 3039 3011 2975 2993 2979 2974 2972 2973 3007 2979 3005 3037 2988 2985 2988 2985 3005 2982 3004 3029 2965 2984 2975 2981 3010 2995 3024 3023 2975 2982 2971 2965 3012 2979 3031 3056 2957 2973 2978 2999 3022 2985 3022 3058 2953 2948 2984 2972 3034 2995 3038 3043 2958 3011 3011 2998 3045 3015 3051 3068 
7 3010 3045 3027 3013 3030 3012 2991 2999 2983 2978 2976 2979 3000 2984 2999 3029 2975 2975 2979 2973 3005 2987 3010 3032 2971 2988 2981 2985 3013 2994 3019 3018 2951 2962 2980 2974 3010 2985 3037 3062 2956 2975 2979 2998 3016 2987 3026 3059 2967 2970 2987 2980 3023 2995 3036 3039 2963 3020 3021 3001 3038 3012 3052 3067 
8 3036 3067 3048 3028 3049 3024 3005 3004 3002 2993 2993 2988 3013 2992 3008 3033 2999 2992 2998 2983 3019 2998 3019 3036 2975 2996 2992 2991 3020 2998 3018 3011 2968 2975 2987 2976 3018 2987 3038 3059 2962 2976 2983 3000 3020 2988 3026 3059 2972 2977 2991 2987 3030 2999 3042 3040 2983 3042 3046 3022 3051 3022 3062 3067 
9 3018 3043 3027 3013 3039 3011 2994 2999 2974 2967 2966 2969 3008 2975 3005 3036 2985 2981 2986 2979 3003 2980 3004 3025 2958 2974 2969 2975 3014 2999 3025 3024 2969 2973 2973 2966 3014 2984 3030 3052 2956 2967 2976 2988 3023 2988 3029 3067 2966 2964 2981 2973 3026 2989 3032 3041 2961 3014 3015 2997 3044 3011 3058 3067 
10 3008 3041 3022 3006 3027 3002 2976 2988 2983 2977 2973 2978 3005 2984 3003 3035 2984 2982 2986 2976 3005 2980 3008 3030 2960 2983 2976 2979 3011 2994 3024 3020 2971 2983 2976 2964 3010 2976 3031 3059 2961 2977 2980 2993 3016 2981 3026 3059 2968 2970 2984 2975 3025 2991 3038 3040 2962 3020 3021 3001 3016 2985 3032 3059 
